(5000000001; 2)
(5008657463; 3)
(5008659358; 2)
(5008738948; 3)
(5008742738; 2)
(5008788218; 3)
(5008797693; 2)
(5008816643; 3)
(5008820433; 2)
(5008828013; 3)
(5008829908; 2)
(5008831803; 3)
(5008882968; 2)
(5008896233; 3)
(5008915183; 2)
(5008983403; 3)
(5009030778; 2)
(5009032673; 3)
(5009034568; 2)
(5009216488; 3)
(5009220278; 2)
(5009275233; 3)
(5009280918; 2)
(5009705398; 3)
(5021898214; 2)
(5021902010; 3)
(5022315774; 2)
(5022334754; 3)
(5022336652; 2)
(5022442940; 3)
(5022446736; 2)
(5022448634; 3)
(5022463818; 2)
(5023000952; 3)
(5023014238; 2)
(5023027524; 3)
(5023029422; 2)
(5023031320; 3)
(5023040810; 2)
(5023097750; 3)
(5023099648; 2)
(5023105342; 3)
(5023135710; 2)
(5023357776; 3)
(5023363470; 2)
(5023365368; 3)
(5023371062; 2)
(5023372960; 3)
(5025809992; 2)
(5025811890; 3)
(5025813788; 2)
(5025815686; 3)
(5025931464; 2)
(5025937158; 3)
(5025961832; 2)
(5025965628; 3)
(5025967526; 2)
(5025971322; 3)
(5025973220; 2)
(5025975118; 3)
(5025978914; 2)
(5026003588; 3)
(5026005486; 2)
(5026007384; 3)
(5026013078; 2)
(5026016874; 3)
(5026018772; 2)
(5026041548; 3)
(5026043446; 2)
(5026045344; 3)
(5026073814; 2)
(5026075712; 3)
(5026077610; 2)
(5026096590; 3)
(5026098488; 2)
(5026119366; 3)
(5026121264; 2)
(5026128856; 3)
(5026132652; 2)
(5026136448; 3)
(5026138346; 2)
(5026147836; 3)
(5026430736; 2)
(5026432635; 3)
(5026436433; 2)
(5026440231; 3)
(5026442130; 2)
(5026491504; 3)
(5026493403; 2)
(5026495302; 3)
(5026497201; 2)
(5026500999; 3)
(5026510494; 2)
(5026525686; 3)
(5026527585; 2)
(5026529484; 3)
(5026531383; 2)
(5026537080; 3)
(5026825728; 2)
(5026827627; 3)
(5026831425; 2)
(5026920678; 3)
(5031884846; 4)
(5031888646; 3)
(5031920946; 4)
(5031955146; 3)
(5031960846; 4)
(5031974146; 3)
(5031981746; 4)
(5031993146; 3)
(5032006446; 4)
(5032010246; 3)
(5033114146; 4)
(5033119846; 3)
(5033121746; 4)
(5033152146; 3)
(5033161646; 4)
(5061527643; 5)
(5061544788; 4)
(5061548598; 5)
(5061550503; 4)
(5061552408; 5)
(5061579078; 4)
(5061586698; 5)
(5061590508; 4)
(5061592413; 5)
(5061600033; 4)
(5074763625; 5)
(5074765533; 4)
(5074767441; 5)
(5074775073; 4)
(5074776981; 5)
(5074778889; 4)
(5074782705; 5)
(5075316945; 4)
(5075337933; 5)
(5075339841; 4)
(5076618201; 5)
(5076713601; 4)
(5076723141; 5)
(5076812817; 4)
(5076816633; 5)
(5076870057; 4)
(5076871965; 5)
(5076873873; 4)
(5076875781; 5)
(5076877689; 4)
(5076955917; 5)
(5076957825; 4)
(5077488249; 5)
(5077492065; 4)
(5077518777; 5)
(5077524501; 4)
(5077530225; 5)
(5077539765; 4)
(5077541673; 5)
(5077545489; 4)
(5077547397; 5)
(5078053017; 4)
(5078054925; 5)
(5078064465; 4)
(5078136969; 5)
(5078138877; 4)
(5078142693; 5)
(5078148417; 4)
(5078152233; 5)
(5078154141; 4)
(5078161773; 5)
(5078194209; 4)
(5078196117; 5)
(5078573901; 4)
(5078577717; 5)
(5078581533; 4)
(5078583441; 5)
(5078585349; 4)
(5078594889; 5)
(5078625417; 4)
(5078629233; 5)
(5078730357; 4)
(5078755161; 5)
(5078776149; 4)
(5078785689; 5)
(5078789505; 4)
(5078858193; 5)
(5078903985; 4)
(5078905893; 5)
(5078907801; 4)
(5078936421; 5)
(5079787635; 4)
(5079789544; 5)
(5079806725; 4)
(5080081621; 5)
(5080140800; 4)
(5080146527; 5)
(5085944842; 4)
(5085975402; 5)
(5085977312; 4)
(5086007872; 5)
(5086605702; 4)
(5086607612; 5)
(5086609522; 4)
(5086611432; 5)
(5086613342; 4)
(5086615252; 5)
(5086617162; 4)
(5086619072; 5)
(5086626712; 4)
(5086628622; 5)
(5086714572; 4)
(5086720302; 5)
(5086722212; 4)
(5087109942; 5)
(5087111852; 4)
(5087113762; 5)
(5087130952; 4)
(5087134772; 5)
(5087136682; 4)
(5087138592; 5)
(5087153872; 4)
(5087159602; 5)
(5087228362; 4)
(5087230272; 5)
(5087278022; 4)
(5087279932; 5)
(5087661932; 4)
(5087663842; 5)
(5087757432; 4)
(5087763162; 5)
(5087782262; 4)
(5088116512; 5)
(5088118422; 4)
(5088126062; 5)
(5088127972; 4)
(5088133702; 5)
(5088139432; 4)
(5088414472; 5)
(5088615022; 4)
(5088628392; 5)
(5088630302; 4)
(5088639852; 5)
(5088641762; 4)
(5088645582; 5)
(5088647492; 4)
(5088657042; 5)
(5088658952; 4)
(5088668502; 5)
(5088670412; 4)
(5088672322; 5)
(5088695242; 4)
(5088704792; 5)
(5088708612; 4)
(5088714342; 5)
(5088716252; 4)
(5088718162; 5)
(5088783102; 4)
(5089430592; 5)
(5089432502; 4)
(5089440142; 5)
(5089445872; 4)
(5089447782; 5)
(5089449692; 4)
(5089461152; 5)
(5089932922; 4)
(5089936742; 5)
(5089938652; 4)
(5089950112; 5)
(5089952022; 4)
(5089953932; 5)
(5089973035; 4)
(5089988323; 5)
(5089990234; 4)
(5089994056; 5)
(5090041831; 4)
(5090057119; 5)
(5107077044; 4)
(5107086614; 5)
(5107094270; 4)
(5107096184; 5)
(5107100012; 4)
(5107101926; 5)
(5107117238; 4)
(5107122980; 5)
(5107124894; 4)
(5107168916; 5)
(5107193798; 4)
(5107203368; 5)
(5107211024; 4)
(5107212938; 5)
(5107226336; 4)
(5107256960; 5)
(5107260788; 4)
(5107419650; 5)
(5107589996; 4)
(5107628276; 5)
(5108876204; 4)
(5131452290; 5)
(5131454208; 4)
(5131469552; 5)
(5132990692; 4)
(5132996449; 5)
(5132998368; 4)
(5133002206; 5)
(5133009882; 4)
(5133011801; 5)
(5133013720; 4)
(5133054019; 5)
(5133055938; 4)
(5133069371; 5)
(5133071290; 4)
(5133082804; 5)
(5133084723; 4)
(5133100075; 5)
(5133117346; 4)
(5133161483; 5)
(5133163402; 4)
(5133827376; 5)
(5133890703; 4)
(5133892622; 5)
(5133894541; 4)
(5133896460; 5)
(5133898379; 4)
(5133927164; 5)
(5133929083; 4)
(5133986653; 5)
(5133988572; 4)
(5133998167; 5)
(5134000086; 4)
(5134002005; 5)
(5134071089; 4)
(5134073008; 5)
(5135963223; 4)
(5136007360; 5)
(5136009279; 4)
(5136011198; 5)
(5136013117; 4)
(5136026550; 5)
(5136032307; 4)
(5136036145; 5)
(5136089877; 4)
(5136110986; 5)
(5136112905; 4)
(5136120581; 5)
(5136130176; 4)
(5136135933; 5)
(5136139771; 4)
(5136231883; 5)
(5136235721; 4)
(5136237640; 5)
(5136239559; 4)
(5136241478; 5)
(5136249154; 4)
(5136266425; 5)
(5136272182; 4)
(5138582949; 5)
(5138594469; 4)
(5138602149; 5)
(5139533349; 4)
(5139535269; 5)
(5139577509; 4)
(5139644709; 5)
(5139646629; 4)
(5139661989; 5)
(5139663909; 4)
(5139698469; 5)
(5139702309; 4)
(5139706149; 5)
(5142616869; 4)
(5142618789; 5)
(5142622629; 4)
(5142641829; 5)
(5142651429; 4)
(5142684069; 5)
(5142685989; 4)
(5142789669; 5)
(5142814629; 4)
(5142866469; 5)
(5142901029; 4)
(5143029669; 5)
(5143064229; 4)
(5143087269; 5)
(5143246629; 4)
(5143248549; 5)
(5143261989; 4)
(5143265829; 5)
(5143269669; 4)
(5143271589; 5)
(5143283109; 4)
(5149645887; 5)
(5149665107; 4)
(5149676639; 5)
(5149695859; 4)
(5155947168; 5)
(5155989474; 4)
(5156274078; 5)
(5156277924; 4)
(5156279847; 5)
(5156329845; 4)
(5156597142; 5)
(5156604834; 4)
(5156610603; 5)
(5156616372; 4)
(5156622141; 5)
(5159787572; 4)
(5159893392; 5)
(5159895316; 4)
(5159897240; 5)
(5159903012; 4)
(5159904936; 5)
(5160130044; 4)
(5160131968; 5)
(5160145436; 4)
(5160156980; 5)
(5220660507; 4)
(5220662442; 5)
(5226139590; 4)
(5226141526; 5)
(5226149270; 4)
(5226157014; 5)
(5226160886; 4)
(5226162822; 5)
(5226180246; 4)
(5226451286; 5)
(5226724262; 4)
(5226726198; 5)
(5226730070; 4)
(5226793958; 5)
(5226801702; 4)
(5226848166; 5)
(5226850102; 4)
(5226852038; 5)
(5226853974; 4)
(5226859782; 5)
(5226861718; 4)
(5226884950; 5)
(5229556705; 4)
(5229558642; 5)
(5229583823; 4)
(5229591571; 5)
(5229603193; 4)
(5229607067; 5)
(5229609004; 4)
(5229610941; 5)
(5229612878; 4)
(5229614815; 5)
(5229616752; 4)
(5229624500; 5)
(5229653555; 4)
(5229684547; 5)
(5229686484; 4)
(5229769775; 5)
(5229773649; 4)
(5229789145; 5)
(5229897617; 4)
(5229901491; 5)
(5229903428; 4)
(5229911176; 5)
(5230039018; 4)
(5230040955; 5)
(5230050640; 4)
(5230052577; 5)
(5230277269; 4)
(5230279206; 5)
(5240131595; 4)
(5240133533; 5)
(5240141285; 4)
(5240145161; 5)
(5240154851; 4)
(5241609069; 5)
(5241626520; 4)
(5241628459; 5)
(5242006564; 4)
(5298693332; 5)
(5298695281; 4)
(5298712822; 5)
(5298808323; 4)
(5298814170; 5)
(5298818068; 4)
(5301046393; 5)
(5301050293; 4)
(5316905502; 5)
(5316907455; 4)
(5316909408; 5)
(5316960186; 4)
(5316962139; 5)
(5316991434; 4)
(5316993387; 5)
(5317995276; 4)
(5318001135; 5)
(5318030430; 4)
(5318032383; 5)
(5318048007; 4)
(5318051913; 5)
(5318067537; 4)
(5318077302; 5)
(5318081208; 4)
(5318085114; 5)
(5318090973; 4)
(5318106597; 5)
(5318108550; 4)
(5318122221; 5)
(5318137845; 4)
(5318171046; 5)
(5318172999; 4)
(5318174952; 5)
(5318221824; 4)
(5318251119; 5)
(5318253072; 4)
(5318258931; 5)
(5318260884; 4)
(5318288226; 5)
(5318290179; 4)
(5318296038; 5)
(5325688279; 4)
(5325701957; 5)
(5327235940; 4)
(5327237895; 5)
(5327247670; 4)
(5327267220; 5)
(5327269175; 4)
(5327888910; 5)
(5327894775; 4)
(5327918235; 5)
(5327926055; 4)
(5327928010; 5)
(5328176295; 4)
(5328178250; 5)
(5328258405; 4)
(5328262315; 5)
(5328324875; 4)
(5328326830; 5)
(5328330740; 4)
(5328332695; 5)
(5328336605; 4)
(5328338560; 5)
(5328340515; 4)
(5328342470; 5)
(5328344425; 4)
(5328346380; 5)
(5331431370; 4)
(5331433325; 5)
(5331439190; 4)
(5331450920; 5)
(5331460695; 4)
(5331468515; 5)
(5331470470; 4)
(5331472425; 5)
(5331478290; 4)
(5331488065; 5)
(5331490020; 4)
(5331491975; 5)
(5331493930; 4)
(5331544760; 5)
(5331546715; 4)
(5331621005; 5)
(5331622960; 4)
(5331624915; 5)
(5331626870; 4)
(5331628825; 5)
(5331640555; 4)
(5332082385; 5)
(5333154057; 4)
(5333157969; 5)
(5333161881; 4)
(5333165793; 5)
(5333197089; 4)
(5333199045; 5)
(5333779977; 4)
(5333783889; 5)
(5333785845; 4)
(5333795625; 5)
(5333797581; 4)
(5333823009; 5)
(5333866041; 4)
(5333867997; 5)
(5333899293; 4)
(5334118365; 5)
(5334137925; 4)
(5334190737; 5)
(5334208341; 4)
(5334210297; 5)
(5336000037; 4)
(5336001993; 5)
(5336003949; 4)
(5336019597; 5)
(5336025465; 4)
(5336027421; 5)
(5336048937; 4)
(5336050893; 5)
(5336062629; 4)
(5336066541; 5)
(5336144781; 4)
(5336146737; 5)
(5336152605; 4)
(5336154561; 5)
(5362656355; 4)
(5362685770; 5)
(5362687731; 4)
(5362766171; 5)
(5362768132; 4)
(5362770093; 5)
(5363048555; 4)
(5363060321; 5)
(5364799728; 4)
(5400690918; 3)
(5400694854; 4)
(5400714534; 3)
(5400716502; 4)
(5400718470; 3)
(5400726342; 4)
(5400728310; 3)
(5400730278; 4)
(5400732246; 3)
(5400751926; 4)
(5400757830; 3)
(5400759798; 4)
(5400761766; 3)
(5400810966; 4)
(5400812934; 3)
(5400834582; 4)
(5400871974; 3)
(5400873942; 4)
(5400877878; 3)
(5400889686; 4)
(5400891654; 3)
(5401027446; 4)
(5401029414; 3)
(5401039254; 4)
(5401049094; 3)
(5401051062; 4)
(5412536670; 3)
(5412664720; 4)
(5412666690; 3)
(5413580770; 4)
(5418156912; 3)
(5418198303; 4)
(5418202245; 3)
(5418204216; 4)
(5418206187; 3)
(5418306708; 4)
(5418310650; 3)
(5418444678; 4)
(5418490011; 3)
(5418495924; 4)
(5418505779; 3)
(5418517605; 4)
(5418519576; 3)
(5418521547; 4)
(5418523518; 3)
(5418683169; 4)
(5418700908; 3)
(5418702879; 4)
(5421847509; 3)
(5421855397; 4)
(5421857369; 3)
(5421859341; 4)
(5421863285; 3)
(5421865257; 4)
(5421867229; 3)
(5424160665; 4)
(5424182357; 3)
(5424192217; 4)
(5424194189; 3)
(5424348005; 4)
(5424351949; 3)
(5436035949; 4)
(5436043845; 3)
(5437473461; 4)
(5437483336; 3)
(5437497161; 4)
(5437589986; 3)
(5437593936; 4)
(5437595911; 3)
(5437607761; 4)
(5437609736; 3)
(5437613686; 4)
(5437615661; 3)
(5437621586; 4)
(5437623561; 3)
(5437625536; 4)
(5437706511; 3)
(5438028436; 4)
(5438034361; 3)
(5438048186; 4)
(5438170636; 3)
(5438172611; 4)
(5438192361; 3)
(5438194336; 4)
(5441944861; 3)
(5441950786; 4)
(5441952761; 3)
(5441954736; 4)
(5441990286; 3)
(5442008061; 4)
(5442010036; 3)
(5442012011; 4)
(5442146328; 3)
(5442148304; 4)
(5442158184; 3)
(5442173992; 4)
(5442177944; 3)
(5442179920; 4)
(5442181896; 3)
(5442183872; 4)
(5442187824; 3)
(5442488176; 4)
(5442828048; 3)
(5442833976; 4)
(5442853736; 3)
(5442859664; 4)
(5442885352; 3)
(5443108640; 4)
(5443110616; 3)
(5443112592; 4)
(5443124448; 3)
(5443138280; 4)
(5443160016; 3)
(5443201512; 4)
(5443205464; 3)
(5443207440; 4)
(5443209416; 3)
(5443211392; 4)
(5443213368; 3)
(5443254864; 4)
(5443258816; 3)
(5443314144; 4)
(5443316120; 3)
(5443318096; 4)
(5443322048; 3)
(5443347736; 4)
(5443367496; 3)
(5443389232; 4)
(5443391208; 3)
(5448428440; 4)
(5448817909; 3)
(5449351699; 4)
(5449353676; 3)
(5449519744; 4)
(5449547422; 3)
(5449559284; 4)
(5449561261; 3)
(5449563238; 4)
(5449571146; 3)
(5449577077; 4)
(5449583008; 3)
(5449584985; 4)
(5449709536; 3)
(5449717444; 4)
(5449725352; 3)
(5449774777; 4)
(5449776754; 3)
(5449778731; 4)
(5449822225; 3)
(5450191924; 4)
(5450201809; 3)
(5450207740; 4)
(5450583370; 3)
(5450593255; 4)
(5450597209; 3)
(5450632795; 4)
(5450634772; 3)
(5450636749; 4)
(5450638726; 3)
(5450660473; 4)
(5461765288; 3)
(5461767267; 4)
(5461771225; 3)
(5461775183; 4)
(5461777162; 3)
(5461802889; 4)
(5461804868; 3)
(5461808826; 4)
(5461826637; 3)
(5461828616; 4)
(5461832574; 3)
(5461939440; 4)
(5461941419; 3)
(5461988915; 4)
(5463576073; 3)
(5463578052; 4)
(5463700750; 3)
(5463706687; 4)
(5463708666; 3)
(5463712624; 4)
(5463724498; 3)
(5463726477; 4)
(5463728456; 3)
(5463904587; 4)
(5463906566; 3)
(5463908545; 4)
(5463910524; 3)
(5463912503; 4)
(5474491959; 3)
(5474531579; 4)
(5474535541; 3)
(5474539503; 4)
(5474541484; 3)
(5474543465; 4)
(5477843158; 3)
(5477851086; 4)
(5477870906; 3)
(5477872888; 4)
(5477886762; 3)
(5478045322; 4)
(5478297036; 3)
(5478302982; 4)
(5478304964; 3)
(5478308928; 4)
(5478310910; 3)
(5478328748; 4)
(5478491272; 3)
(5478497218; 4)
(5478499200; 3)
(5478515056; 4)
(5478519020; 3)
(5478590372; 4)
(5478655778; 3)
(5478669652; 4)
(5478772716; 3)
(5479008574; 4)
(5479016502; 3)
(5479022448; 4)
(5479024430; 3)
(5479071998; 4)
(5479081908; 3)
(5479085872; 4)
(5479087854; 3)
(5479089836; 4)
(5479097764; 3)
(5479167134; 4)
(5479173080; 3)
(5479192900; 4)
(5479194882; 3)
(5479210738; 4)
(5479212720; 3)
(5479216684; 4)
(5479268216; 3)
(5479274162; 4)
(5479278126; 3)
(5479311820; 4)
(5541108934; 3)
(5541112920; 4)
(5541114913; 3)
(5541280332; 4)
(5541284318; 3)
(5541288304; 4)
(5541310227; 3)
(5541338129; 4)
(5541346101; 3)
(5541354073; 4)
(5541356066; 3)
(5541358059; 4)
(5541362045; 3)
(5541435786; 4)
(5541443758; 3)
(5541459702; 4)
(5541461695; 3)
(5541463688; 4)
(5541497569; 3)
(5541559352; 4)
(5541563338; 3)
(5541565331; 4)
(5541577289; 3)
(5541579282; 4)
(5541609177; 3)
(5541611170; 4)
(5541617149; 3)
(5541621135; 4)
(5541623128; 3)
(5541625121; 4)
(5567337256; 3)
(5567345248; 4)
(5567361232; 3)
(5567369224; 4)
(5567371222; 3)
(5567413180; 4)
(5567415178; 3)
(5567573020; 4)
(5567600992; 3)
(5567602990; 4)
(5567604988; 3)
(5567608984; 4)
(5567610982; 3)
(5567612980; 4)
(5567614978; 3)
(5567618974; 4)
(5567638954; 3)
(5567640952; 4)
(5567646946; 3)
(5567810782; 4)
(5567816776; 3)
(5567818774; 4)
(5567884708; 3)
(5568128464; 4)
(5568130462; 3)
(5568132460; 4)
(5568186406; 3)
(5568208384; 4)
(5568210382; 3)
(5569023568; 4)
(5569063528; 3)
(5569071520; 4)
(5569077514; 3)
(5569117474; 4)
(5569119472; 3)
(5569123468; 4)
(5569127464; 3)
(5569135456; 4)
(5569189402; 3)
(5569191400; 4)
(5569199392; 3)
(5569201390; 4)
(5569223368; 3)
(5569225366; 4)
(5569241350; 3)
(5569249342; 4)
(5569257334; 3)
(5574542549; 4)
(5574754443; 3)
(5574760440; 4)
(5574762439; 3)
(5578356264; 4)
(5578362264; 3)
(5578374264; 4)
(5578388264; 3)
(5578404264; 4)
(5578406264; 3)
(5578412264; 4)
(5578414264; 3)
(5578416264; 4)
(5578418264; 3)
(5578420264; 4)
(5578554264; 3)
(5578564264; 4)
(5578630264; 3)
(5578662264; 4)
(5586511296; 3)
(5586515300; 4)
(5586853638; 3)
(5586855640; 4)
(5586857642; 3)
(5586987772; 4)
(5587043828; 3)
(5587049834; 4)
(5587640424; 3)
(5587648432; 4)
(5587738522; 3)
(5587746530; 4)
(5587748532; 3)
(5587756540; 4)
(5588006790; 3)
(5588026810; 4)
(5588032816; 3)
(5588034818; 4)
(5588036820; 3)
(5588038822; 4)
(5588088872; 3)
(5588092876; 4)
(5588094878; 3)
(5588403186; 4)
(5588423206; 3)
(5588715498; 4)
(5588751534; 3)
(5588761544; 4)
(5588763546; 3)
(5589131914; 4)
(5589135918; 3)
(5589141924; 4)
(5589143926; 3)
(5589145928; 4)
(5589560342; 3)
(5589564346; 4)
(5589566348; 3)
(5589664446; 4)
(5589666448; 3)
(5590379160; 4)
(5590451232; 3)
(5590453234; 4)
(5590455236; 3)
(5590457238; 4)
(5590461242; 3)
(5590465246; 4)
(5590785566; 3)
(5590867648; 4)
(5590895676; 3)
(5599523162; 4)
(5599561238; 3)
(5599589294; 4)
(5599593302; 3)
(5599607330; 4)
(5599609334; 3)
(5599783682; 4)
(5599795706; 3)
(5600234582; 4)
(5600242598; 3)
(5600292698; 4)
(5600370854; 3)
(5600372858; 4)
(5600380874; 3)
(5600384882; 4)
(5600388890; 3)
(5600410934; 4)
(5600420954; 3)
(5600438990; 4)
(5600447006; 3)
(5600449010; 4)
(5600473058; 3)
(5600499110; 4)
(5600503118; 3)
(5600519150; 4)
(5600553218; 3)
(5600555222; 4)
(5600559230; 3)
(5600567246; 4)
(5600575262; 3)
(5600595302; 4)
(5600597306; 3)
(5636215672; 4)
(5636217682; 3)
(5636221702; 4)
(5637239076; 3)
(5637247120; 4)
(5637293373; 3)
(5637617144; 4)
(5637621166; 3)
(5637623177; 4)
(5637641276; 3)
(5637643287; 4)
(5637659375; 3)
(5638228488; 4)
(5638232510; 3)
(5638314961; 4)
(5638316972; 3)
(5647767410; 4)
(5647771434; 3)
(5647791554; 4)
(5647793566; 3)
(5647797590; 4)
(5728479223; 3)
(5728505574; 4)
(5728509628; 3)
(5728513682; 4)
(5728540033; 3)
(5728929217; 4)
(5728939352; 3)
(5728943406; 4)
(5729050837; 3)
(5729283942; 4)
(5729302185; 3)
(5729308266; 4)
(5729310293; 3)
(5729312320; 4)
(5729318401; 3)
(5729322455; 4)
(5729324482; 3)
(5729326509; 4)
(5830176597; 5)
(5830178642; 4)
(5830180687; 5)
(5830225677; 4)
(5830446537; 5)
(5830450627; 4)
(5830452672; 5)
(5830456762; 4)
(5830458807; 5)
(5830460852; 4)
(5830464942; 5)
(5830466987; 4)
(5832685812; 5)
(5832718532; 4)
(5832724667; 5)
(5832761477; 4)
(5832771702; 5)
(5833606062; 4)
(5833608107; 5)
(5833614242; 4)
(5833640827; 5)
(5833644917; 4)
(5833888272; 5)
(5833890317; 4)
(5833918947; 5)
(5833920992; 4)
(5833941442; 5)
(5833943487; 4)
(5833945532; 5)
(5834076412; 4)
(5834080502; 5)
(5838923171; 4)
(5838927263; 5)
(5838929309; 4)
(5838931355; 5)
(5838933401; 4)
(5838935447; 5)
(5838957953; 4)
(5838959999; 5)
(5838962045; 4)
(5838966137; 5)
(5839189151; 4)
(5839195289; 5)
(5839256669; 4)
(5839262807; 5)
(5839268945; 4)
(5839275083; 5)
(5839277129; 4)
(5839279175; 5)
(5839281221; 4)
(5839297589; 5)
(5839299635; 4)
(5839346693; 5)
(5855179914; 4)
(5855204502; 5)
(5855274168; 4)
(5855276217; 5)
(5855311050; 4)
(5856220806; 5)
(5856222855; 4)
(5856224904; 5)
(5856226953; 4)
(5856231051; 5)
(5856267933; 4)
(5856269982; 5)
(5856272031; 4)
(5856290472; 5)
(5856335550; 4)
(5856583479; 5)
(5856722811; 4)
(5856724860; 5)
(5856726909; 4)
(5856728958; 5)
(5856739203; 4)
(5856747399; 5)
(5856755595; 4)
(5856757644; 5)
(5856786330; 4)
(5858171854; 5)
(5858182104; 4)
(5858253854; 5)
(5858280504; 4)
(5858292804; 5)
(5858311254; 4)
(5858313304; 5)
(5858317404; 4)
(5858325604; 5)
(5858639254; 4)
(5858641304; 5)
(5858694604; 4)
(5858704854; 5)
(5858708954; 4)
(5858749954; 5)
(5858756104; 4)
(5859774954; 5)
(5859783154; 4)
(5859836454; 5)
(5860398154; 4)
(5860400204; 5)
(5860408404; 4)
(5860537554; 5)
(5860539604; 4)
(5860543704; 5)
(5860558054; 4)
(5860619554; 5)
(5860789704; 4)
(5860791754; 5)
(5860795854; 4)
(5860797904; 5)
(5860799954; 4)
(5860804054; 5)
(5860818404; 4)
(5860820454; 5)
(5860861454; 4)
(5860884004; 5)
(5860910654; 4)
(5894515124; 3)
(5894519236; 4)
(5894527460; 3)
(5894531572; 4)
(5929896164; 5)
(5929902350; 4)
(5929906474; 5)
(5929908536; 4)
(5929914722; 5)
(5929916784; 4)
(5929918846; 5)
(5929941528; 4)
(5929943590; 5)
(5929953900; 4)
(5929974520; 5)
(5944893339; 4)
(5945019304; 5)
(5945021369; 4)
(5945025499; 5)
(5945079189; 4)
(5945118424; 5)
(5945496319; 4)
(5945560334; 5)
(5945564464; 4)
(5945580984; 5)
(5945583049; 4)
(5945585114; 5)
(5945628479; 4)
(5945630544; 5)
(5949407558; 4)
(5949415822; 5)
(5949417888; 4)
(5949424086; 5)
(5949430284; 4)
(5949440614; 5)
(5949448878; 4)
(5949488132; 5)
(5949498462; 4)
(5949500528; 5)
(5949535650; 4)
(5949572838; 5)
(5949576970; 4)
(5949601762; 5)
(5949620356; 4)
(5949624488; 5)
(5949626554; 4)
(5949632752; 5)
(5949634818; 4)
(5949686468; 5)
(5949688534; 4)
(5949700930; 5)
(5949705062; 4)
(5949820758; 5)
(5951680158; 4)
(5951684290; 5)
(5951688422; 4)
(5951694620; 5)
(5951702884; 4)
(5951884692; 5)
(5951959068; 4)
(5951965266; 5)
(5951967332; 4)
(5951969398; 5)
(5951973530; 4)
(5952111952; 5)
(5952116084; 4)
(5952118150; 5)
(5952142942; 4)
(5952149140; 5)
(5952254506; 4)
(5952258638; 5)
(5952264836; 4)
(5952273100; 5)
(5952279298; 4)
(5952281364; 5)
(5952283430; 4)
(5952291694; 5)
(5952293760; 4)
(5952302024; 5)
(5952310288; 4)
(5952359872; 5)
(5952374334; 4)
(5952382598; 5)
(5952442512; 4)
(5952729686; 5)
(5952731752; 4)
(5952733818; 5)
(5952735884; 4)
(5952742082; 5)
(5952744148; 4)
(5952845382; 5)
(5952847448; 4)
(5952851580; 5)
(5952861910; 4)
(5952863976; 5)
(5952880504; 4)
(5952882570; 5)
(5952928022; 4)
(5952938352; 5)
(5952942484; 4)
(5958253726; 5)
(5958255793; 4)
(5958280597; 5)
(5958286798; 4)
(5958299200; 5)
(5958301267; 4)
(5958307468; 5)
(5958309535; 4)
(5958313669; 5)
(5958317803; 4)
(5958319870; 5)
(5958348808; 4)
(5958357076; 5)
(5958359143; 4)
(5958361210; 5)
(5958363277; 4)
(5958369478; 5)
(5958520369; 4)
(5958737404; 5)
(5958745672; 4)
(5958747739; 5)
(5958756007; 4)
(5958760141; 5)
(5958778744; 4)
(5958791146; 5)
(5958851089; 4)
(5958853156; 5)
(5958857290; 4)
(5958865558; 5)
(5958873826; 4)
(5958915166; 5)
(5958954439; 4)
(5958956506; 5)
(5958962707; 4)
(5958966841; 5)
(5958975109; 4)
(5958999913; 5)
(5959012315; 4)
(5959566271; 5)
(5959568338; 4)
(5959570405; 5)
(5959574539; 4)
(5965054212; 5)
(5965056280; 4)
(5965062484; 5)
(5965114184; 4)
(5965153476; 5)
(5965167952; 4)
(5965300304; 5)
(5965302372; 4)
(5965451268; 5)
(5965453336; 4)
(5965465744; 5)
(5965471948; 4)
(5965474016; 5)
(5975526362; 6)
(5976455792; 5)
(5976472352; 6)
(5976474422; 5)
(5976476492; 6)
(5976602762; 5)
(5976666932; 6)
(5976673142; 5)
(5976679352; 6)
(5976681422; 5)
(5976683492; 6)
(5976985712; 5)
(5976993992; 6)
(5977008482; 5)
(5977068512; 6)
(5977076792; 5)
(5977083002; 6)
(5977093352; 5)
(5977275512; 6)
(5977277582; 5)
(5977294142; 6)
(5977540472; 5)
(5977554962; 6)
(5977557032; 5)
(5977683302; 6)
(5977697792; 5)
(5977699862; 6)
(5977724702; 5)
(5977726772; 6)
(5977772312; 5)
(5977793012; 6)
(5977795082; 5)
(5977817852; 6)
(5977925492; 5)
(5977950332; 6)
(5977954472; 5)
(5977960682; 6)
(5977973103; 5)
(5977975174; 6)
(5977977245; 5)
(5978820142; 6)
(5978826355; 5)
(5978828426; 6)
(5978855349; 5)
(5978857420; 6)
(5978861562; 5)
(5978865704; 6)
(5978869846; 5)
(5978871917; 6)
(5978873988; 5)
(5978911266; 6)
(5979091443; 5)
(5979772802; 6)
(5979776944; 5)
(5979824577; 6)
(5979826648; 5)
(5979828719; 6)
(5979830790; 5)
(5979832861; 6)
(5979841145; 5)
(5979868068; 6)
(5979888778; 5)
(5980381676; 6)
(5981452383; 5)
(5981454454; 6)
(5981495874; 5)
(5981502087; 6)
(5981516584; 5)
(5981529010; 6)
(5981533152; 5)
(5981541436; 6)
(5981543507; 5)
(5983508886; 6)
(5983517170; 5)
(5983531667; 6)
(5983533738; 5)
(5983560661; 6)
(5984289916; 5)
(5984294060; 6)
(5984300276; 5)
(5984304420; 6)
(5984310636; 5)
(5984314780; 6)
(5984318924; 5)
(5984320996; 6)
(5984405948; 5)
(5984408020; 6)
(5984418380; 5)
(5984468108; 6)
(5984474324; 5)
(5984492972; 6)
(5984495044; 5)
(5984526124; 6)
(5984532340; 5)
(5984536484; 6)
(5984559276; 5)
(5984569636; 6)
(5984584140; 5)
(5984586212; 6)
(5984590356; 5)
(5984594500; 6)
(5984635940; 5)
(5984638012; 6)
(5984667020; 5)
(5984708460; 6)
(5984710532; 5)
(5984722964; 6)
(5984749900; 5)
(5984805844; 6)
(5985085564; 5)
(5985087636; 6)
(5985089708; 5)
(5985091780; 6)
(5985381860; 5)
(5985383932; 6)
(5985390148; 5)
(5985392220; 6)
(5985419156; 5)
(5985446092; 6)
(5985955804; 5)
(5985959948; 6)
(5985966164; 5)
(5986011748; 6)
(5986022108; 5)
(5986038684; 6)
(5986040756; 5)
(5986589836; 6)
(5986596052; 5)
