(24000000001; 6)
(24028101691; 7)
(24028193035; 6)
(24028255315; 7)
(24028259467; 6)
(24028263619; 7)
(24028271923; 6)
(24028379875; 7)
(24028384027; 6)
(24028396483; 7)
(24028404787; 6)
(24028408939; 7)
(24028429699; 6)
(24028454611; 7)
(24028462915; 6)
(24035521315; 7)
(24035571139; 6)
(24035575291; 7)
(24035579443; 6)
(24035600203; 7)
(24035604355; 6)
(24035608507; 7)
(24035625115; 6)
(24035629267; 7)
(24035633419; 6)
(24035654179; 7)
(24036252067; 6)
(24036256219; 7)
(24036260371; 6)
(24036297739; 7)
(24036306043; 6)
(24036322651; 7)
(24038245027; 6)
(24038249179; 7)
(24038265787; 6)
(24038278243; 7)
(24038282395; 6)
(24042979251; 7)
(24042983404; 6)
(24043029087; 7)
(24043033240; 6)
(24043332256; 7)
(24043336409; 6)
(24043344715; 7)
(24043490070; 6)
(24043498376; 7)
(24043506682; 6)
(24043514988; 7)
(24043548212; 6)
(24043552365; 7)
(24043556518; 6)
(24043564824; 7)
(24043568977; 6)
(24043652037; 7)
(24043714332; 6)
(24043735097; 7)
(24043739250; 6)
(24043747556; 7)
(24043768321; 6)
(24043772474; 7)
(24043789086; 6)
(24043830616; 7)
(24043834769; 6)
(24043859687; 7)
(24044104714; 6)
(24044108867; 7)
(24044540779; 6)
(24044756735; 7)
(24044781653; 6)
(24044785806; 7)
(24044789959; 6)
(24044794112; 7)
(24044927008; 6)
(24044931161; 7)
(24044935314; 6)
(24044956079; 7)
(24044972691; 6)
(24045014221; 7)
(24045213565; 6)
(24045250942; 7)
(24045255095; 6)
(24045267554; 7)
(24045271707; 6)
(24045284166; 7)
(24045363073; 6)
(24045375532; 7)
(24045562417; 6)
(24053906581; 7)
(24053914889; 6)
(24053919043; 7)
(24055136165; 6)
(24055140319; 7)
(24055144473; 6)
(24061367165; 7)
(24061371319; 6)
(24061375473; 7)
(24089979134; 6)
(24090357421; 7)
(24090365735; 6)
(24090382363; 7)
(24090386520; 6)
(24090394834; 7)
(24090727394; 6)
(24090860418; 7)
(24090976814; 6)
(24090980971; 7)
(24091010070; 6)
(24091059954; 7)
(24091064111; 6)
(24091072425; 7)
(24091113995; 6)
(24091126466; 7)
(24091130623; 6)
(24091529695; 7)
(24091550480; 6)
(24091554637; 7)
(24091600364; 6)
(24091629463; 7)
(24091658562; 6)
(24091662719; 7)
(24091704289; 6)
(24091741702; 7)
(24095907016; 6)
(24096318559; 7)
(24096326873; 6)
(24096331030; 7)
(24096335187; 6)
(24096892225; 7)
(24096896382; 6)
(24096933795; 7)
(24096979523; 6)
(24097162475; 7)
(24097179107; 6)
(24097208213; 7)
(24097229003; 6)
(24097237319; 7)
(24097241477; 6)
(24097245635; 7)
(24097253951; 6)
(24097278899; 7)
(24097923389; 6)
(24098002391; 7)
(24098010707; 6)
(24098023181; 7)
(24098027339; 6)
(24098031497; 7)
(24098039813; 6)
(24098626091; 7)
(24098630249; 6)
(24098638565; 7)
(24098651039; 6)
(24098655197; 7)
(24098663513; 6)
(24098675987; 7)
(24098692619; 6)
(24098696777; 7)
(24098700935; 6)
(24098705093; 7)
(24098750831; 6)
(24098763305; 7)
(24098784095; 6)
(24098792411; 7)
(24098800727; 6)
(24098846465; 7)
(24098850623; 6)
(24098975363; 7)
(24099237317; 6)
(24099291371; 7)
(24099337109; 6)
(24099428585; 7)
(24099441059; 6)
(24099524219; 7)
(24099869333; 6)
(24099910913; 7)
(24099931703; 6)
(24100027337; 7)
(24100039811; 6)
(24100043969; 7)
(24100052285; 6)
(24150225247; 7)
(24150241895; 6)
(24150246057; 7)
(24150341783; 6)
(24151099267; 7)
(24151124239; 6)
(24151128401; 7)
(24262415334; 6)
(24262419506; 7)
(24262440366; 6)
(24262448710; 7)
(24262465398; 6)
(24262473742; 7)
(24262477914; 6)
(24262482086; 7)
(24262498774; 6)
(24262532150; 7)
(24262561354; 6)
(24262578042; 7)
(24262607246; 6)
(24262611418; 7)
(24262661482; 6)
(24262665654; 7)
(24262899286; 6)
(24262911802; 7)
(24262920146; 6)
(24262932662; 7)
(24263954802; 6)
(24263963146; 7)
(24263967318; 6)
(24263979834; 7)
(24264805890; 6)
(24265519302; 7)
(24265523474; 6)
(24265552678; 7)
(24265644462; 6)
(24265648634; 7)
(24265652806; 6)
(24265661150; 7)
(24265727902; 6)
(24265732074; 7)
(24265736246; 6)
(24265740418; 7)
(24265757106; 6)
(24265782138; 7)
(24265790482; 6)
(24265819686; 7)
(24265894782; 6)
(24266345358; 7)
(24286701040; 6)
(24286888870; 7)
(24286893044; 6)
(24287005742; 7)
(24287101744; 6)
(24287197746; 7)
(24287210268; 6)
(24309591562; 7)
(24309612442; 6)
(24309629146; 7)
(24309637498; 6)
(24309725194; 7)
(24309729370; 6)
(24309733546; 7)
(24309737722; 6)
(24309792010; 7)
(24309846298; 6)
(24309863002; 7)
(24309900586; 6)
(24309963226; 7)
(24309967402; 6)
(24310046746; 7)
(24310055098; 6)
(24310059274; 7)
(24310075978; 6)
(24310105210; 7)
(24310109386; 6)
(24310180378; 7)
(24310217962; 6)
(24310222138; 7)
(24310230490; 6)
(24310251370; 7)
(24310418410; 6)
(24310422586; 7)
(24310430938; 6)
(24310468522; 7)
(24310489402; 6)
(24310493578; 7)
(24310497754; 6)
(24326331036; 7)
(24326402045; 6)
(24326460523; 7)
(24326773798; 6)
(24326777975; 7)
(24326832276; 6)
(24326836453; 7)
(24326861515; 6)
(24326878223; 7)
(24326961763; 6)
(24326974294; 7)
(24327016064; 6)
(24327032772; 7)
(24328444598; 6)
(24328457129; 7)
(24328494722; 6)
(24329142157; 7)
(24329150511; 6)
(24329188104; 7)
(24329192281; 6)
(24329196458; 7)
(24329614222; 6)
(24329622578; 7)
(24329626756; 6)
(24329635112; 7)
(24329647646; 6)
(24329651824; 7)
(24329701960; 6)
(24329756274; 7)
(24329760452; 6)
(24329873258; 7)
(24329898326; 6)
(24329906682; 7)
(24336290666; 6)
(24336365870; 7)
(24336370048; 6)
(24336428540; 7)
(24336432718; 6)
(24336436896; 7)
(24336457786; 6)
(24336478676; 7)
(24336482854; 6)
(24336641618; 7)
(24365424675; 6)
(24365504114; 7)
(24365508295; 6)
(24367556985; 7)
(24367632243; 6)
(24367866379; 7)
(24367874741; 6)
(24367895646; 7)
(24367904008; 6)
(24369902526; 7)
(24369906707; 6)
(24369915069; 7)
(24370897604; 6)
(24370964500; 7)
(24370968681; 6)
(24370977043; 7)
(24370997948; 6)
(24371023034; 7)
(24371039758; 6)
(24371043939; 7)
(24372377678; 6)
(24372440393; 7)
(24373100991; 6)
(24373172068; 7)
(24373180430; 6)
(24373184611; 7)
(24373234783; 6)
(24373238964; 7)
(24373264050; 6)
(24373539996; 7)
(24373548358; 6)
(24397433533; 7)
(24397450265; 6)
(24397458631; 7)
(24397462814; 6)
(24397487912; 7)
(24397521376; 6)
(24397525559; 7)
(24397538108; 6)
(24397542291; 7)
(24397546474; 6)
(24397554840; 7)
(24397559023; 6)
(24397563206; 7)
(24397575755; 6)
(24397717977; 7)
(24397722160; 6)
(24397743075; 7)
(24397747258; 6)
(24397763990; 7)
(24397776539; 6)
(24397805820; 7)
(24397822552; 6)
(24397826735; 7)
(24397835101; 6)
(24397885297; 7)
(24397889480; 6)
(24397906212; 7)
(24398153009; 6)
(24398157192; 7)
(24398161375; 6)
(24398316146; 7)
(24398324512; 6)
(24398328695; 7)
(24398332878; 6)
(24398424904; 7)
(24398521113; 6)
(24398533662; 7)
(24398542028; 6)
(24398550394; 7)
(24398554577; 6)
(24398571309; 7)
(24398575492; 6)
(24398579675; 7)
(24398592224; 6)
(24398596407; 7)
(24398600590; 6)
(24398608956; 7)
(24398613139; 6)
(24398638237; 7)
(24398746995; 6)
(24398751178; 7)
(24398767910; 6)
(24398859936; 7)
(24435881014; 6)
(24435889388; 7)
(24435897762; 6)
(24440101510; 7)
(24440114071; 6)
(24440118258; 7)
(24440122445; 6)
(24440474153; 7)
(24440478340; 6)
(24440486714; 7)
(24440591389; 6)
(24440603950; 7)
(24440608137; 6)
(24440637446; 7)
(24440658381; 6)
(24440737934; 7)
(24440771430; 6)
(24500196695; 7)
(24500393719; 6)
(24500796151; 7)
(24500817111; 6)
(24500846455; 7)
(24500972215; 6)
(24501005751; 7)
(24501051863; 6)
(24501056055; 7)
(24501118935; 6)
(24501127319; 7)
(24501139895; 6)
(24501156663; 7)
(24501165047; 6)
(24501257271; 7)
(24501274039; 6)
(24501282423; 7)
(24501307575; 6)
(24501445911; 7)
(24501454295; 6)
(24501487831; 7)
(24501500407; 6)
(24501504599; 7)
(24501517175; 6)
(24501521367; 7)
(24557389950; 8)
(24557415132; 7)
(24557427723; 8)
(24557465496; 7)
(24557469693; 8)
(24557482284; 7)
(24557490678; 8)
(24557725710; 7)
(24557729907; 8)
(24557750892; 7)
(24557969136; 8)
(24557973333; 7)
(24558103440; 8)
(24558107637; 7)
(24558330078; 8)
(24558334275; 7)
(24558351063; 8)
(24558359457; 7)
(24558367851; 8)
(24652637276; 9)
(24653120851; 8)
(24653129261; 9)
(24665388940; 8)
(24665393146; 9)
(24665447824; 8)
(24665452030; 9)
(24665468854; 8)
(24665485678; 9)
(24665561386; 8)
(24665565592; 9)
(24665569798; 8)
(24665578210; 9)
(24665607652; 8)
(24665611858; 9)
(24665838982; 8)
(24665843188; 9)
(24665847394; 8)
(24665864218; 9)
(24665868424; 8)
(24665881042; 9)
(24665889454; 8)
(24665893660; 9)
(24665902072; 8)
(24665939926; 9)
(24665960956; 8)
(24665965162; 9)
(24665981986; 8)
(24665990398; 9)
(24665994604; 8)
(24665998810; 9)
(24666003016; 8)
(24666015634; 9)
(24666078724; 8)
(24666120784; 9)
(24666124990; 8)
(24666133402; 9)
(24666141814; 8)
(24666146020; 9)
(24670567073; 8)
(24670609143; 9)
(24670630178; 8)
(24670651213; 9)
(24670668041; 8)
(24670710111; 9)
(24671585167; 8)
(24698722223; 9)
(24698730641; 8)
(24698739059; 9)
(24698743268; 8)
(24698810612; 9)
(24698823239; 8)
(24698831657; 9)
(24699134705; 8)
(24699164168; 9)
(24699307274; 8)
(24699315692; 9)
(24699324110; 8)
(24699340946; 9)
(24699345155; 8)
(24699349364; 9)
(24699353573; 8)
(24699677666; 9)
(24699681875; 8)
(24699686084; 9)
(24699850235; 8)
(24699930206; 9)
(24700077521; 8)
(24700081730; 9)
(24700090148; 8)
(24700098566; 9)
(24700111193; 8)
(24700262717; 9)
(24700275344; 8)
(24701399147; 9)
(24701407565; 8)
(24701538044; 9)
(24701542253; 8)
(24701546462; 9)
(24701567507; 8)
(24701580134; 9)
(24701584343; 8)
(24701588552; 9)
(24701592761; 8)
(24702194648; 9)
(24702219902; 8)
(24702236738; 9)
(24702240947; 8)
(24702253574; 9)
(24702274619; 8)
(24702375635; 9)
(24718508885; 8)
(24718542573; 9)
(24718546784; 8)
(24718689958; 9)
(24718698380; 8)
(24718702591; 9)
(24718711013; 8)
(24718715224; 9)
(24718727857; 8)
(24718732068; 9)
(24719342663; 8)
(24719346874; 9)
(24719351085; 8)
(24719355296; 9)
(24719915359; 8)
(24719940625; 9)
(24720012212; 8)
(24720016423; 9)
(24720037478; 8)
(24720041689; 9)
(24720075377; 8)
(24720083799; 9)
(24720201707; 8)
(24720205918; 9)
(24720344881; 8)
(24720361725; 9)
(24720770192; 8)
(24720774403; 9)
(24720795458; 8)
(24720799669; 9)
(24720841779; 8)
(24720845990; 9)
(24720879678; 8)
(24721296567; 9)
(24721300778; 8)
(24721313411; 9)
(24721368154; 8)
(24721477640; 9)
(24721481851; 8)
(24721507117; 9)
(24721515539; 8)
(24721523961; 9)
(24721536594; 8)
(24721549227; 9)
(24721713456; 8)
(24722201932; 9)
(24722210354; 8)
(24722218776; 9)
(24722222987; 8)
(24722273519; 9)
(24722277730; 8)
(24722416693; 9)
(24722420904; 8)
(24722446170; 9)
(24722450381; 8)
(24722463014; 9)
(24722513546; 8)
(24722521968; 9)
(24722526179; 8)
(24722530390; 9)
(24722534601; 8)
(24722543023; 9)
(24722593555; 8)
(24722606188; 9)
(24722627243; 8)
(24722639876; 9)
(24722656720; 8)
(24722660931; 9)
(24722774628; 8)
(24722778839; 9)
(24722783050; 8)
(24722787261; 9)
(24722791472; 8)
(24722972545; 9)
(24722989389; 8)
(24723772635; 9)
(24723776846; 8)
(24739722976; 9)
(24739727189; 8)
(24739760893; 9)
(24739790384; 8)
(24739794597; 9)
(24739828301; 8)
(24739836727; 9)
(24739857792; 8)
(24739874644; 9)
(24739878857; 8)
(24739887283; 9)
(24740055803; 8)
(24741736790; 9)
(24741741003; 8)
(24741850541; 9)
(24741854754; 8)
(24741901097; 9)
(24741905310; 8)
(24741913736; 9)
(24742259202; 8)
(24742305545; 9)
(24742309758; 8)
(24743796947; 9)
(24744138200; 8)
(24744167691; 9)
(24744251951; 8)
(24744256164; 9)
(24744530009; 8)
(24744677464; 9)
(24744681677; 8)
(24744685890; 9)
(24744706955; 8)
(24744900753; 9)
(24745334692; 8)
(24745338905; 9)
(24745347331; 8)
(24745351544; 9)
(24745987707; 8)
(24746000346; 9)
(24746038263; 8)
(24746046689; 9)
(24746050902; 8)
(24746139375; 9)
(24746147801; 8)
(24746282617; 9)
(24747201051; 8)
(24747222116; 9)
(24747226329; 8)
(24760600806; 9)
(24760609234; 8)
(24760634518; 9)
(24760647160; 8)
(24760845218; 9)
(24760849432; 8)
(24760883144; 9)
(24761982998; 8)
(24761987212; 9)
(24765477188; 8)
(24765481403; 9)
(24765485618; 8)
(24765489833; 9)
(24765498263; 8)
(24765553058; 9)
(24765557273; 8)
(24765666863; 9)
(24765700583; 8)
(24765704798; 9)
(24765709013; 8)
(24765725873; 9)
(24765751163; 8)
(24765755378; 9)
(24765759593; 8)
(24765890258; 9)
(24765894473; 8)
(24765966128; 9)
(24766206383; 8)
(24766214813; 9)
(24767222198; 8)
(24767407658; 9)
(24767411873; 8)
(24767416088; 9)
(24767487743; 8)
(24767491958; 9)
(24767500388; 8)
(24767517248; 9)
(24767879738; 8)
(24767921888; 9)
(24768621578; 8)
(24768625793; 9)
(24768634223; 8)
(24768655298; 9)
(24768672158; 8)
(24768756458; 9)
(24768769103; 8)
(24768773318; 9)
(24768777533; 8)
(24768781748; 9)
(24768823898; 8)
(24768958778; 9)
(24768962993; 8)
(24768975638; 9)
(24768979853; 8)
(24769005143; 9)
(24769017788; 8)
(24769022003; 9)
(24769043078; 8)
(24770606843; 9)
(24770615273; 8)
(24770699573; 9)
(24770708003; 8)
(24770741723; 9)
(24770745938; 8)
(24770754368; 9)
(24770758583; 8)
(24770775443; 9)
(24771024128; 8)
(24771028343; 9)
(24771036773; 8)
(24771167438; 9)
(24771226448; 8)
(24771230663; 9)
(24771239093; 8)
(24771243308; 9)
(24771247523; 8)
(24771264383; 9)
(24771272813; 8)
(24771281243; 9)
(24771310748; 8)
(24771314963; 9)
(24771327608; 8)
(24771336038; 9)
(24771348683; 8)
(24771369758; 9)
(24771378188; 8)
(24771382403; 9)
(24771386618; 8)
(24771390833; 9)
(24771395048; 8)
(24771416123; 9)
(24771424553; 8)
(24771449843; 9)
(24771454058; 8)
(24771462488; 9)
(24771466703; 8)
(24771487778; 9)
(24771491993; 8)
(24771496208; 9)
(24771504638; 8)
(24771677453; 9)
(24771685883; 8)
(24771690098; 9)
(24771883988; 8)
(24771888203; 9)
(24771892418; 8)
(24771896633; 9)
(24771900848; 8)
(24772845008; 9)
(24773038898; 8)
(24773043113; 9)
(24773304443; 8)
(24773338163; 9)
(24773342378; 8)
(24773422463; 9)
(24773426678; 8)
(24773494118; 9)
(24773502548; 8)
(24773506763; 9)
(24773536268; 8)
(24773586848; 9)
(24773591063; 8)
(24773607923; 9)
(24773633213; 8)
(24773637428; 9)
(24774257112; 8)
(24774265544; 9)
(24774269760; 8)
(24774299272; 9)
(24774366728; 8)
(24774902160; 9)
(24774910592; 8)
(24775311112; 9)
(24775488184; 8)
(24775526128; 9)
(24776019400; 8)
(24776023616; 9)
(24776036264; 8)
(24776040480; 9)
(24776057344; 8)
(24776069992; 9)
(24776078424; 8)
(24776327168; 9)
(24776344032; 8)
(24776352464; 9)
(24812798064; 8)
(24812802283; 9)
(24812814940; 8)
(24812827597; 9)
(24812831816; 8)
(24812844473; 9)
(24812848692; 8)
(24812852911; 9)
(24813587017; 8)
(24813616550; 9)
(24813637645; 8)
(24813646083; 9)
(24813650302; 8)
(24813679835; 9)
(24813688273; 8)
(24813692492; 9)
(24813722025; 8)
(24813726244; 9)
(24813751558; 8)
(24813793748; 9)
(24813831719; 8)
(24813835938; 9)
(24813840157; 8)
(24814000479; 9)
(24814004698; 8)
(24814025793; 9)
(24814165020; 8)
(24814350656; 9)
(24814772556; 8)
(24815907467; 9)
(24815911686; 8)
(24815941219; 9)
(24815945438; 8)
(24815953876; 9)
(24815958095; 8)
(24967916429; 9)
(24967941821; 8)
(24967946053; 9)
(24968204205; 8)
(24968212669; 9)
(24968216901; 8)
(24968221133; 9)
(24968229597; 8)
(24968238061; 9)
(24968242293; 8)
(24968254989; 9)
(24968259221; 8)
(24968267685; 9)
(24969765813; 8)
(24970108605; 9)
(24970112837; 8)
(24970193245; 9)
(24970273653; 8)
(24970282117; 9)
(24970290581; 8)
(24970527573; 9)
(24970565661; 8)
(24970629141; 9)
(24989499877; 8)
(24989504111; 9)
(24991312029; 8)
(24991494091; 9)
(24991511027; 8)
