(902000000001; 12)
(902241227486; 11)
(902242448702; 12)
(902242474144; 11)
(902242499586; 12)
(902243669918; 11)
(902244382294; 12)
(902244407736; 11)
(902244560388; 12)
(902245196438; 11)
(902249547020; 12)
(902249572462; 11)
(902271936574; 12)
(902271962017; 11)
(902271987460; 12)
(902272318219; 11)
(902272419991; 12)
(902293105150; 11)
(902293766668; 12)
(902293842997; 11)
(902293868440; 12)
(902293893883; 11)
(902293919326; 12)
(902301603112; 11)
(902302620832; 12)
(902302697161; 11)
(902302722604; 12)
(902302748047; 11)
(902302977034; 12)
(902303256907; 11)
(902303282350; 12)
(902303333236; 11)
(902303358679; 12)
(902303384122; 11)
(902303435008; 12)
(902303460451; 11)
(902303816653; 12)
(902304350956; 11)
(902304376399; 12)
(902312136514; 11)
(902318446378; 12)
(902327402314; 11)
(902330455580; 12)
(902330506468; 11)
(902330735464; 12)
(902330837240; 11)
(902330862684; 12)
(902330913572; 11)
(902330939016; 12)
(902331015348; 11)
(902332949092; 12)
(902336104148; 11)
(902336129592; 12)
(902336155036; 11)
(902336205924; 12)
(902336231368; 11)
(902336256812; 12)
(902336842024; 11)
(902337045576; 12)
(902337071020; 11)
(902338139668; 12)
(902338165112; 11)
(902338190556; 12)
(902338266888; 11)
(902338292332; 12)
(902338317776; 11)
(902513022480; 12)
(902513734968; 11)
(902513811306; 12)
(902513887644; 11)
(902513938536; 12)
(902516279568; 11)
(902517042948; 12)
(902519256750; 11)
(902527704822; 12)
(902527730268; 11)
(902527832052; 12)
(902527857498; 11)
(902528111958; 12)
(902528137404; 11)
(902528722662; 12)
(902532972144; 11)
(902533710078; 12)
(902533735524; 11)
(902533811862; 12)
(902533913646; 11)
(902533964538; 12)
(902533989984; 11)
(902535033270; 12)
(902535058716; 11)
(902535949326; 12)
(902539155522; 11)
(902539180968; 12)
(902539206414; 11)
(902539231860; 12)
(902539257306; 11)
(902539308198; 12)
(902539384536; 11)
(902545313642; 12)
(902545389983; 11)
(902597200075; 12)
(902597225522; 11)
(902597683568; 12)
(902598039826; 11)
(902598370637; 12)
(902598497872; 11)
(902599006812; 12)
(902599083153; 11)
(902601449724; 12)
(902601500618; 11)
(902604147106; 12)
(902621247874; 11)
(902621298770; 12)
(902621629594; 11)
(902759968229; 12)
(902760019129; 11)
(902760070029; 12)
(902760222729; 11)
(902760986229; 12)
(902761088029; 11)
(902761113479; 12)
(902761189829; 11)
(902761266179; 12)
(902761291629; 11)
(902762207829; 12)
(902762258729; 11)
(902763531229; 12)
(902765592679; 11)
(902765643579; 12)
(902765719929; 11)
(902765745379; 12)
(902766941529; 11)
(902768086779; 12)
(902768137679; 11)
(902768188579; 12)
(902768570329; 11)
(902768595779; 12)
(902768748479; 11)
(902769308379; 12)
(902769333829; 11)
(902769384729; 12)
(902769817379; 11)
(902769868279; 12)
(902773024079; 11)
(902773074979; 12)
(902773100429; 11)
(902773227679; 12)
(902773354929; 11)
(902773380379; 12)
(902773405829; 11)
(902773431279; 12)
(902773456729; 11)
(902773533079; 12)
(902773634879; 11)
(902773660329; 12)
(902773711229; 11)
(902773736679; 12)
(902773889379; 11)
(902774169329; 12)
(902774194779; 11)
(902774372929; 12)
(902774423829; 11)
(902774449279; 12)
(902774703779; 11)
(902774729229; 12)
(902774754679; 11)
(902775798129; 12)
(902775849029; 11)
(902775874479; 12)
(902775899929; 11)
(902775976279; 12)
(902776536179; 11)
(902776663429; 12)
(902776688879; 11)
(902776739779; 12)
(902781295329; 11)
(902781346229; 12)
(902782338779; 11)
(902809366679; 12)
(902809468479; 11)
(902809519379; 12)
(902809544829; 11)
(902809570279; 12)
(902809621179; 11)
(902809773879; 12)
(902809926579; 11)
(902809952029; 12)
(902827945322; 11)
(902827970773; 12)
(902857112168; 11)
(902857213972; 12)
(902857290325; 11)
(902859886327; 12)
(902868157902; 11)
(902868819628; 12)
(902868972334; 11)
(902869074138; 12)
(902869201393; 11)
(902869786766; 12)
(902869888570; 11)
(902870346688; 12)
(902870397590; 11)
(902870423041; 12)
(902870448492; 11)
(902870779355; 12)
(902870855708; 11)
(902871033865; 12)
(902871237473; 11)
(902871262924; 12)
(902872204611; 11)
(902872586376; 12)
(902872637278; 11)
(902872713631; 12)
(902872764533; 11)
(902872789984; 12)
(902872917239; 11)
(902872942690; 12)
(902873146298; 11)
(902873171749; 12)
(902873375357; 11)
(902887551564; 12)
(902887577015; 11)
(902888416898; 12)
(902888442349; 11)
(902888467800; 12)
(902888569604; 11)
(902889053173; 12)
(902889384036; 11)
(902890020311; 12)
(902890987449; 11)
(902891165606; 12)
(902891216508; 11)
(902891241959; 12)
(902891292861; 11)
(902891471018; 12)
(902891496469; 11)
(902891623724; 12)
(902891700077; 11)
(902892132744; 12)
(902892310901; 11)
(902892412705; 12)
(902892463607; 11)
(902892489058; 12)
(902892539960; 11)
(902892590862; 12)
(902892718117; 11)
(902892743568; 12)
(902892921725; 11)
(902892998078; 12)
(902893048980; 11)
(902893176235; 12)
(902893507098; 11)
(902893532549; 12)
(902895670449; 11)
(902895797709; 12)
(902896154037; 11)
(902896408557; 12)
(902896434009; 11)
(902897172117; 12)
(902897502993; 11)
(902897553897; 12)
(902897579349; 11)
(902897604801; 12)
(902897655705; 11)
(902897681157; 12)
(902897706609; 11)
(902898241101; 12)
(902899055565; 11)
(902899233729; 12)
(902903102433; 11)
(902903127885; 12)
(902903204241; 11)
(902903382405; 12)
(902903433309; 11)
(902903865993; 12)
(902903993253; 11)
(902904018705; 12)
(902904171417; 11)
(902905469469; 12)
(902908014669; 11)
(902908040121; 12)
(902908091025; 11)
(902908192833; 12)
(902908498257; 11)
(902908574613; 12)
(902908905489; 11)
(902908930941; 12)
(902908981845; 11)
(902909032749; 12)
(902909592693; 11)
(902909796309; 12)
(902922700473; 11)
(902922751377; 12)
(902922776829; 11)
(902922802281; 12)
(902923005897; 11)
(902923031349; 12)
