(1000000001; 5)
(1002062446; 4)
(1002489591; 5)
(1002491287; 4)
(1010909590; 5)
(1011375087; 4)
(1011375938; 5)
(1011378491; 4)
(1011381044; 5)
(1011400617; 4)
(1011409127; 5)
(1011418488; 4)
(1011419339; 5)
(1011885847; 4)
(1011886699; 5)
(1011887551; 4)
(1011889255; 5)
(1011919927; 4)
(1011932707; 5)
(1011936115; 4)
(1011996607; 5)
(1011998311; 4)
(1011999163; 5)
(1012000015; 4)
(1012000867; 5)
(1012009387; 4)
(1012151671; 5)
(1012152523; 4)
(1012154227; 5)
(1012156783; 4)
(1012164451; 5)
(1012173823; 4)
(1012184899; 5)
(1012189159; 4)
(1012190011; 5)
(1012190863; 4)
(1012201939; 5)
(1012203643; 4)
(1012212163; 5)
(1012220683; 4)
(1012225795; 5)
(1012240279; 4)
(1012241983; 5)
(1012242835; 4)
(1012246243; 5)
(1012259875; 4)
(1012297363; 5)
(1012298215; 4)
(1012299919; 5)
(1012300771; 4)
(1012323775; 5)
(1012324627; 4)
(1012333999; 5)
(1012334851; 4)
(1012338259; 5)
(1012339963; 4)
(1012391935; 5)
(1012396195; 4)
(1012403863; 5)
(1012425163; 4)
(1012426015; 5)
(1012431127; 4)
(1012451575; 5)
(1012458391; 4)
(1012460095; 5)
(1012461799; 4)
(1012468615; 5)
(1016573092; 6)
(1016586756; 5)
(1017093178; 6)
(1017096594; 5)
(1017116236; 6)
(1017119652; 5)
(1017120506; 6)
(1017181994; 5)
(1017182848; 6)
(1017183702; 5)
(1017870318; 6)
(1017874588; 5)
(1017875442; 6)
(1017876296; 5)
(1017887398; 6)
(1017888252; 5)
(1017889106; 6)
(1017890814; 5)
(1017892522; 6)
(1017893376; 5)
(1017894230; 6)
(1018071862; 5)
(1018072716; 6)
(1018075278; 5)
(1018078694; 6)
(1018087234; 5)
(1018088088; 6)
(1018088942; 5)
(1018089796; 6)
(1018090650; 5)
(1018093212; 6)
(1018094066; 5)
(1018094920; 6)
(1020756463; 5)
(1020758173; 6)
(1020759883; 5)
(1020760738; 6)
(1020771853; 5)
(1020776983; 6)
(1020777838; 5)
(1020778693; 6)
(1020781258; 5)
(1039213375; 6)
(1039215101; 5)
(1039357496; 6)
(1039361811; 5)
(1039365263; 6)
(1039377345; 5)
(1039378208; 6)
(1039384249; 5)
(1039749298; 6)
(1039751887; 5)
(1039752750; 6)
(1039754476; 5)
(1039763106; 6)
(1039768284; 5)
(1039769147; 6)
(1039837324; 5)
(1039838187; 6)
(1039844228; 5)
(1039845091; 6)
(1039845954; 5)
(1040031499; 6)
(1040033225; 5)
(1043890830; 6)
(1043898615; 5)
(1043900345; 6)
(1043902075; 5)
(1043902940; 6)
(1043919375; 5)
(1043924565; 6)
(1043925430; 5)
(1043941865; 6)
(1043943595; 5)
(1044011930; 6)
(1044012795; 5)
(1044013660; 6)
(1044014525; 5)
(1044017985; 6)
(1044107080; 5)
(1044114865; 6)
(1044534390; 5)
(1044539580; 6)
(1044575045; 5)
(1044579370; 6)
(1044581965; 5)
(1044583695; 6)
(1044587155; 5)
(1044591480; 6)
(1044634730; 5)
(1044636460; 6)
(1044638190; 5)
(1045618635; 6)
(1045620367; 5)
(1045626429; 6)
(1045631625; 5)
(1045642017; 6)
(1045642883; 5)
(1045645481; 6)
(1045652409; 5)
(1045658471; 6)
(1045659337; 5)
(1045661069; 6)
(1045662801; 5)
(1045664533; 6)
(1045665399; 5)
(1045667131; 6)
(1045673193; 5)
(1045674059; 6)
(1045719957; 5)
(1045720823; 6)
(1045725153; 5)
(1045726019; 6)
(1045727751; 5)
(1045729483; 6)
(1045732081; 5)
(1045732947; 6)
(1045737277; 5)
(1045789237; 6)
(1045790969; 5)
(1045841197; 6)
(1045842063; 5)
(1045896621; 6)
(1045907013; 5)
(1046016995; 6)
(1046017861; 5)
(1046022191; 6)
(1046068089; 5)
(1046072419; 6)
(1046086275; 5)
(1046087141; 6)
(1053027835; 5)
(1053028704; 6)
(1053029573; 5)
(1053051298; 6)
(1053116473; 5)
(1053118211; 6)
(1053120818; 5)
(1053124294; 6)
(1053126901; 5)
(1053127770; 6)
(1053129508; 5)
(1053130377; 6)
(1053133853; 5)
(1053231181; 6)
(1053316343; 5)
(1057066772; 4)
(1057067642; 5)
(1057069382; 4)
(1057104182; 5)
(1057105052; 4)
(1057105922; 5)
(1057106792; 4)
(1057115492; 5)
(1057136372; 4)
(1057152032; 5)
(1057208582; 4)
(1057211192; 5)
(1057212932; 4)
(1057241642; 5)
(1057248602; 4)
(1057252082; 5)
(1057253822; 4)
(1057256432; 5)
(1057258172; 4)
(1057259042; 5)
(1057259912; 4)
(1057273832; 5)
(1057274702; 4)
(1057275572; 5)
(1057293842; 4)
(1057294712; 5)
(1057295582; 4)
(1060784965; 5)
(1060785837; 4)
(1060786709; 5)
(1060832925; 4)
(1060833797; 5)
(1060843389; 4)
(1060862573; 5)
(1060866061; 4)
(1060866933; 5)
(1064435930; 6)
(1064436803; 5)
(1064442914; 6)
(1064451644; 5)
(1064455136; 6)
(1064456009; 5)
(1064855177; 6)
(1064856051; 5)
(1064858673; 6)
(1065015993; 5)
(1065021237; 6)
(1065028229; 5)
(1065037843; 6)
(1065038717; 5)
(1065063189; 6)
(1065131361; 5)
(1065166321; 6)
(1065199533; 5)
(1065200407; 6)
(1065201281; 5)
(1065202155; 6)
(1065212643; 5)
(1065216139; 6)
(1065217013; 5)
(1065217887; 6)
(1065218761; 5)
(1065221383; 6)
(1065618179; 5)
(1065619927; 6)
(1065620801; 5)
(1065634785; 6)
(1065635659; 5)
(1065638281; 6)
(1065705579; 5)
(1065709075; 6)
(1065710823; 5)
(1065711697; 6)
(1065923205; 5)
(1065924079; 6)
(1065926701; 5)
(1065927575; 6)
(1068578345; 7)
(1069310720; 6)
(1069317720; 7)
(1069322970; 6)
(1069325595; 7)
(1069336970; 6)
(1069376345; 7)
(1069385095; 6)
(1069441970; 7)
(1069611788; 6)
(1069650332; 7)
(1069652084; 6)
(1069663472; 7)
(1069666976; 6)
(1069667852; 7)
(1069668728; 6)
(1069671356; 7)
(1069715156; 6)
(1070592032; 7)
(1070593784; 6)
(1070812784; 7)
(1070820668; 6)
(1070821544; 7)
(1070822420; 6)
(1070857460; 7)
(1070860964; 6)
(1070861840; 7)
(1070862716; 6)
(1070874104; 7)
(1070892500; 6)
(1070894252; 7)
(1070902136; 6)
(1070917028; 7)
(1070918780; 6)
(1070919656; 7)
(1070920532; 6)
(1070921408; 7)
(1070923160; 6)
(1070924912; 7)
(1070927540; 6)
(1070932796; 7)
(1070941556; 6)
(1070942432; 7)
(1070944184; 6)
(1070970464; 7)
(1070972216; 6)
(1070976596; 7)
(1070977472; 6)
(1071028280; 7)
(1071029156; 6)
(1071030032; 7)
(1071099236; 6)
(1071100112; 7)
(1071100988; 6)
(1071116756; 7)
(1071117632; 6)
(1072366355; 7)
(1072432130; 6)
(1072433007; 7)
(1075305289; 6)
(1075412405; 7)
(1075415917; 6)
(1075416795; 7)
(1075417673; 6)
(1075485279; 7)
(1075486157; 6)
(1075488791; 7)
(1075491425; 6)
(1075528301; 7)
(1075792579; 6)
(1082855772; 5)
(1082857534; 6)
(1082858415; 5)
(1082870749; 6)
(1082875154; 5)
(1082922728; 6)
(1082923609; 5)
(1087739863; 6)
(1087744278; 5)
(1087745161; 6)
(1087746044; 5)
(1087747810; 6)
(1087759289; 5)
(1087761938; 6)
(1093041165; 7)
(1093042935; 6)
(1093043820; 7)
(1093068600; 6)
(1093069485; 7)
(1093070370; 6)
(1093091610; 7)
(1093092495; 6)
(1093098690; 7)
(1093102230; 6)
(1093103115; 7)
(1093104000; 6)
(1093114620; 7)
(1093116390; 6)
(1093117275; 7)
(1093131435; 6)
(1093152675; 7)
(1093161525; 6)
(1093164180; 7)
(1093292505; 6)
(1093293390; 7)
(1093299585; 6)
(1093306665; 7)
(1093308435; 6)
(1093377465; 7)
(1093429680; 6)
(1095571259; 7)
(1096394353; 6)
(1096398783; 7)
(1096403213; 6)
(1096440425; 7)
(1096441311; 6)
(1096442197; 7)
(1096569781; 6)
(1096570667; 7)
(1096576869; 6)
(1096609683; 7)
(1096615892; 6)
(1096616779; 7)
(1096617666; 6)
(1096618553; 7)
(1096620327; 6)
(1109531440; 5)
(1109534116; 6)
(1109573364; 5)
(1109627776; 6)
(1109807960; 5)
(1109833828; 6)
(1109834720; 5)
(1109835612; 6)
(1109836504; 5)
(1109838288; 6)
(1109848992; 5)
(1109849884; 6)
(1109955140; 5)
(1109962276; 6)
(1110076452; 5)
(1110077344; 6)
(1110085372; 5)
(1110115700; 6)
(1110129080; 5)
(1110130864; 6)
(1110133540; 5)
(1110135324; 6)
(1110143352; 5)
(1110144244; 6)
(1110146920; 5)
(1110147812; 6)
(1110150488; 5)
(1110168328; 6)
(1110169220; 5)
(1110178140; 6)
(1110184384; 5)
(1110288748; 6)
(1110400248; 5)
(1110421656; 6)
(1110422548; 5)
(1110577756; 6)
(1110578648; 5)
(1110582216; 6)
(1110591136; 5)
(1110592920; 6)
(1110617896; 5)
(1110620572; 6)
(1110623248; 5)
(1110656252; 6)
(1112728889; 5)
(1112735140; 6)
(1112736926; 5)
(1112738712; 6)
(1112740498; 5)
(1112743177; 6)
(1112758358; 5)
(1112761930; 6)
(1112763716; 5)
(1112907489; 6)
(1112917312; 5)
(1112920884; 6)
(1112922670; 5)
(1112923563; 6)
(1112924456; 5)
(1112925349; 6)
(1112926242; 5)
(1114540545; 6)
(1114549485; 5)
(1114551273; 6)
(1114558425; 5)
(1114587927; 6)
(1114588821; 5)
(1114589715; 6)
(1114591503; 5)
(1114595079; 6)
(1114618323; 5)
(1114622793; 6)
(1114624581; 5)
(1114625475; 6)
(1114883841; 5)
(1114884735; 6)
(1114888311; 5)
(1115340675; 6)
(1115343357; 5)
(1115346039; 6)
(1115347827; 5)
(1115348721; 6)
(1115351403; 5)
(1115357661; 6)
(1115358555; 5)
(1115361237; 6)
(1115364813; 5)
(1115369283; 6)
(1115413089; 5)
(1115420241; 6)
(1115421135; 5)
(1115824329; 6)
(1115825223; 5)
(1115829693; 6)
(1115836845; 5)
(1115843103; 6)
(1115874393; 5)
(1115876181; 6)
(1115878863; 5)
(1115879757; 6)
(1115880651; 5)
(1115882439; 6)
(1115884227; 5)
(1115885121; 6)
(1116271329; 5)
(1116272223; 6)
(1116274011; 5)
(1116316029; 6)
(1116335697; 5)
(1116376821; 6)
(1116378609; 5)
(1116382185; 6)
(1116432249; 5)
(1116434037; 6)
(1116434931; 5)
(1116548578; 6)
(1116549473; 5)
(1116553053; 6)
(1116563793; 5)
(1116564688; 6)
(1116579903; 5)
(1116582588; 6)
(1116587063; 5)
(1116587958; 6)
(1116597803; 5)
(1116779488; 6)
(1116782173; 5)
(1116788438; 6)
(1116791123; 5)
(1116801863; 6)
(1116802758; 5)
(1116808128; 6)
(1116813498; 5)
(1116814393; 6)
(1116823343; 5)
(1116824238; 6)
(1116834978; 5)
(1116835873; 6)
(1116838558; 5)
(1116840348; 6)
(1116861828; 5)
(1116910158; 6)
(1116917318; 5)
(1116921793; 6)
(1117590358; 5)
(1117591253; 6)
(1117592148; 5)
(1117593043; 6)
(1117593938; 5)
(1117594833; 6)
(1117933143; 5)
(1117934038; 6)
(1117935828; 5)
(1117942093; 6)
(1117945673; 5)
(1117947463; 6)
(1117949253; 5)
(1117950148; 6)
(1117951043; 5)
(1117953728; 6)
(1117956413; 5)
(1117958203; 6)
(1117961783; 5)
(1117962678; 6)
(1117966258; 5)
(1117970733; 6)
(1117971628; 5)
(1118922118; 6)
(1118924803; 5)
(1118931068; 6)
(1118932858; 5)
(1118936438; 6)
(1118947178; 5)
(1121633594; 4)
(1121636285; 5)
(1121669474; 4)
(1121702663; 5)
(1121707148; 4)
(1121712530; 5)
(1121715221; 4)
(1121716118; 5)
(1121726882; 4)
(1121796848; 5)
(1121799539; 4)
(1121806715; 5)
(1122318005; 4)
(1122650792; 5)
(1122651689; 4)
(1122653483; 5)
(1122657071; 4)
(1122658865; 5)
(1122661556; 4)
(1122664247; 5)
(1122667835; 4)
(1122672320; 5)
(1122791621; 4)
(1122799694; 5)
(1122814046; 4)
(1122816737; 5)
(1122818531; 4)
(1122820325; 5)
(1122821222; 4)
(1122822119; 5)
(1122825707; 4)
(1122831986; 5)
(1122832883; 4)
(1122847235; 5)
(1122851720; 4)
(1122920789; 5)
(1122921686; 4)
(1122922583; 5)
(1122933347; 4)
(1122936935; 5)
(1124176843; 6)
(1124178639; 5)
(1124179537; 6)
(1124180435; 5)
(1124182231; 6)
(1124185823; 5)
(1124188517; 6)
(1124196599; 5)
(1124199293; 6)
(1124248683; 5)
(1124250479; 6)
(1124253173; 5)
(1124254969; 6)
(1124255867; 5)
(1124258561; 6)
(1124259459; 5)
(1124263051; 6)
(1124265745; 5)
(1124267541; 6)
(1124269337; 5)
(1124272031; 6)
(1124272929; 5)
(1124289093; 6)
(1124289991; 5)
(1124318727; 6)
(1124319625; 5)
(1124324115; 6)
(1124329503; 5)
(1124333095; 6)
(1124354647; 5)
(1124380689; 6)
(1124381587; 5)
(1124430079; 6)
(1124477673; 5)
(1124480367; 6)
(1124923081; 5)
(1124923979; 6)
(1124927571; 5)
(1124928469; 6)
(1124929367; 5)
(1124932061; 6)
(1124932959; 5)
(1124938347; 6)
(1124939245; 5)
(1124940143; 6)
(1124958103; 5)
(1124967981; 6)
(1124973369; 5)
(1124975165; 6)
(1124977859; 5)
(1124981451; 6)
(1124982349; 5)
(1125076639; 6)
(1125091905; 5)
(1125096395; 6)
(1125104477; 5)
(1125108967; 6)
(1126654649; 5)
(1126655548; 6)
(1126663639; 5)
(1126667235; 6)
(1126668134; 5)
(1126674427; 6)
(1126679821; 5)
(1126895581; 6)
(1126896480; 5)
(1126898278; 6)
(1126899177; 5)
(1126900076; 6)
(1126901874; 5)
(1126902773; 6)
(1126903672; 5)
(1126904571; 6)
(1126905470; 5)
(1126906369; 6)
(1127088866; 5)
(1127095159; 6)
(1127096058; 5)
(1127102351; 6)
(1127114937; 5)
(1127119432; 6)
(1127121230; 5)
(1127129321; 6)
(1127133816; 5)
(1127136513; 6)
(1127141008; 5)
(1127220120; 6)
(1127226413; 5)
(1127227312; 6)
(1128482316; 5)
(1128487710; 6)
(1128488609; 5)
(1128489508; 6)
(1128521872; 5)
(1128550640; 6)
(1128553337; 5)
(1128561428; 6)
(1128579408; 5)
(1128582105; 6)
(1128583004; 5)
(1128627954; 6)
(1128633348; 5)
(1128638742; 6)
(1128647732; 5)
(1128651328; 6)
(1128655823; 5)
(1128667510; 6)
(1128884169; 5)
(1128885068; 6)
(1129482584; 5)
(1129496984; 6)
(1129498784; 5)
(1129500584; 6)
(1129505084; 5)
(1129507784; 6)
(1132458180; 7)
(1132469893; 6)
(1132478002; 7)
(1132478903; 6)
(1132488814; 7)
(1132578013; 6)
(1132591528; 7)
(1132592429; 6)
(1132599637; 7)
(1132612251; 6)
(1132613152; 7)
(1132614053; 6)
(1132618558; 7)
(1132619459; 6)
(1132620360; 7)
(1132624865; 6)
(1132666311; 7)
(1132668113; 6)
(1132671717; 7)
(1132673519; 6)
(1135496227; 7)
(1135497129; 6)
(1135498031; 7)
(1135498933; 6)
(1135502541; 7)
(1135503443; 6)
(1135507953; 7)
(1135510659; 6)
(1135610781; 7)
(1135616193; 6)
(1135640547; 7)
(1135649567; 6)
(1135658587; 7)
(1135659489; 6)
(1135662195; 7)
(1135682039; 6)
(1135684745; 7)
(1135685647; 6)
(1135686549; 7)
(1135688353; 6)
(1135694667; 7)
(1135696471; 6)
(1135704589; 7)
(1135706393; 6)
(1135710903; 7)
(1135711805; 6)
(1135713609; 7)
(1135733453; 6)
(1135747885; 7)
(1135748787; 6)
(1135749689; 7)
(1135915657; 6)
(1135944521; 7)
(1136016681; 6)
(1136018485; 7)
(1136019387; 6)
(1136020289; 7)
(1136021191; 6)
(1136022995; 7)
(1136030211; 6)
(1136043741; 7)
(1136046447; 6)
(1136048251; 7)
(1136138451; 6)
(1136139353; 7)
(1136142961; 6)
(1136143863; 7)
(1136149275; 6)
(1136162805; 7)
(1136163707; 6)
(1136216925; 7)
(1136217827; 6)
(1136221435; 7)
(1136225043; 6)
(1136225945; 7)
(1136231357; 6)
(1136241279; 7)
(1136242181; 6)
(1136243083; 7)
(1137108776; 6)
(1137109679; 7)
(1137110582; 6)
(1137111485; 7)
(1140131446; 6)
(1140132350; 7)
(1140133254; 6)
(1140366486; 7)
(1140368294; 6)
(1140369198; 7)
(1140371006; 6)
(1140371910; 7)
(1140374622; 6)
(1140375526; 7)
(1140376430; 6)
(1140389990; 7)
(1140399934; 6)
(1140402646; 7)
(1140406262; 6)
(1140449654; 7)
(1140453270; 6)
(1140454174; 7)
(1140568982; 6)
(1140569886; 7)
(1140575310; 6)
(1140576214; 7)
(1140578022; 6)
(1140580734; 7)
(1141028214; 6)
(1141032734; 7)
(1141051718; 6)
(1141055334; 7)
(1141059854; 6)
(1141060758; 7)
(1141063470; 6)
(1141066182; 7)
(1141067990; 6)
(1141068894; 7)
(1141097822; 6)
(1141102342; 7)
(1141103246; 6)
(1144591217; 5)
(1144612961; 6)
(1144615679; 5)
(1144663697; 6)
(1144664603; 5)
(1153257179; 4)
(1153260815; 5)
(1153261724; 4)
(1153263542; 5)
(1153273541; 4)
(1154076188; 5)
(1154078915; 4)
(1154087096; 5)
(1154089823; 4)
(1154096186; 5)
(1155900615; 4)
(1155914265; 5)
(1155915175; 4)
(1155916995; 5)
(1157162354; 4)
(1157164176; 5)
(1157165087; 4)
(1157176930; 5)
(1157181485; 4)
(1157182396; 5)
(1157183307; 4)
(1160917484; 3)
(1160922044; 4)
(1160922956; 3)
(1160924780; 4)
(1160925692; 3)
(1161027836; 4)
(1161029660; 3)
(1161177404; 4)
(1161178316; 3)
(1161305996; 4)
(1161347036; 3)
(1161358892; 4)
(1161365276; 3)
(1161368924; 4)
(1161373484; 3)
(1161374396; 4)
(1161375308; 3)
(1161512108; 4)
(1161513932; 3)
(1161515756; 4)
(1161545852; 3)
(1161547676; 4)
(1161576860; 3)
(1161625196; 4)
(1161630668; 3)
(1161709100; 4)
(1161711836; 3)
(1161712748; 4)
(1161717308; 3)
(1161718220; 4)
(1161720044; 3)
(1164021618; 4)
(1164022531; 3)
(1164023444; 4)
(1171384118; 3)
(1173691521; 4)
(1173692438; 3)
(1173693355; 4)
(1173786889; 3)
(1175297981; 4)
(1175328275; 3)
(1175330111; 4)
(1175536661; 3)
(1175555939; 4)
(1175556857; 3)
(1175562365; 4)
(1175565119; 3)
(1175566037; 4)
(1175567873; 3)
(1175568791; 4)
(1175572463; 3)
(1175577053; 4)
(1175578889; 3)
(1175590823; 4)
(1175592659; 3)
(1175593577; 4)
(1175596331; 3)
(1175598167; 4)
(1175599085; 3)
(1175604593; 4)
(1175611019; 3)
(1175614691; 4)
(1175615609; 3)
(1176202211; 4)
(1176205883; 3)
(1176206801; 4)
(1176540953; 3)
(1176548297; 4)
(1176589607; 3)
(1176618065; 4)
(1176622655; 3)
(1176628163; 4)
(1176629081; 3)
(1176634589; 4)
(1176637343; 3)
(1176641015; 4)
(1176642851; 3)
(1176644687; 4)
(1176654785; 3)
(1176655703; 4)
(1176656621; 3)
(1176707111; 4)
(1176708029; 3)
(1176711701; 4)
(1176717209; 3)
(1179514194; 2)
(1179520627; 3)
(1179537169; 2)
(1179538088; 3)
(1179552792; 2)
(1179553711; 3)
(1179554630; 2)
(1179557387; 3)
(1188837436; 4)
(1188862357; 3)
(1188864203; 4)
(1188874356; 3)
(1188879894; 4)
(1188888201; 3)
(1188889124; 4)
(1188895585; 3)
(1188896508; 4)
(1188913122; 3)
(1188916814; 4)
(1188933428; 3)
(1188951888; 4)
(1188969425; 3)
(1188970348; 4)
(1188972194; 3)
(1188974963; 4)
(1188991577; 3)
(1188993423; 4)
(1188995269; 3)
(1188998038; 4)
(1191151748; 3)
(1191152672; 4)
(1191156368; 3)
(1191157292; 4)
(1191158216; 3)
(1191159140; 4)
(1191161912; 3)
(1191163760; 4)
(1191165608; 3)
(1191167456; 4)
(1191168380; 3)
(1191256160; 4)
(1191271868; 3)
(1191274640; 4)
(1197113999; 5)
(1197114925; 4)
(1197116777; 5)
(1197120481; 4)
(1197208451; 5)
(1197209377; 4)
(1197210303; 5)
(1197211229; 4)
(1198434326; 5)
(1198436180; 4)
(1198453793; 5)
(1198454720; 4)
(1198455647; 5)
(1198456574; 4)
(1198457501; 5)
(1198468625; 4)
(1198476041; 5)
(1198901534; 4)
(1198914512; 5)
(1198915439; 4)
(1198955300; 5)
(1198971059; 4)
(1198975694; 5)
(1198977548; 4)
(1198978475; 5)
(1203877956; 6)
(1203878885; 5)
(1203888175; 6)
(1203895607; 5)
(1203903039; 6)
(1203918832; 5)
(1203925335; 6)
(1203932767; 5)
(1203933696; 6)
(1203934625; 5)
(1203936483; 6)
(1203940199; 5)
(1203951347; 6)
(1203960637; 5)
(1203961566; 6)
(1203997797; 5)
(1204018235; 6)
(1204019164; 5)
(1204021022; 6)
(1204041460; 5)
(1204063756; 6)
(1204064685; 5)
(1204065614; 6)
(1204066543; 5)
(1204067472; 6)
(1204069330; 5)
(1204070259; 6)
(1204156656; 5)
(1204157585; 6)
(1204158514; 5)
(1204159443; 6)
(1204160372; 5)
(1204161301; 6)
(1204178952; 5)
(1204179881; 6)
(1204200319; 5)
(1204202177; 6)
(1204240266; 5)
(1204241195; 6)
(1204242124; 5)
(1204243982; 6)
(1204284858; 5)
(1204285787; 6)
(1204292290; 5)
(1204303438; 6)
(1204304367; 5)
(1204312728; 6)
(1204314586; 5)
(1204315515; 6)
(1204317373; 5)
(1204334095; 6)
(1204424208; 5)
(1204426066; 6)
(1204431640; 5)
(1204434427; 6)
(1204457652; 5)
(1206271913; 4)
(1206274703; 5)
(1206292373; 4)
(1206293303; 5)
(1206297953; 4)
(1206298883; 5)
(1206299813; 4)
(1206489533; 5)
(1206496973; 4)
(1206505343; 5)
(1206507203; 4)
(1206527663; 5)
(1206531383; 4)
(1206547193; 5)
(1206549983; 4)
(1206553703; 5)
(1206579743; 4)
(1206584393; 5)
(1206585323; 4)
(1206586253; 5)
(1206587183; 4)
(1206589973; 5)
(1206598343; 4)
(1206599273; 5)
(1206606713; 4)
(1206607643; 5)
(1206762023; 4)
(1206805733; 5)
(1206815033; 4)
(1206874553; 5)
(1206881063; 4)
(1206881993; 5)
(1206888503; 4)
(1206889433; 5)
(1206912683; 4)
(1206928493; 5)
(1206943373; 4)
(1206944303; 5)
(1206947093; 4)
(1206961043; 5)
(1206963833; 4)
(1206964763; 5)
(1206965693; 4)
(1206969413; 5)
(1206972203; 4)
(1206973133; 5)
(1206985223; 4)
(1206990803; 5)
(1207496723; 4)
(1207501373; 5)
(1231612322; 6)
(1231772122; 5)
(1231776822; 6)
(1231779642; 5)
(1231780582; 6)
(1231781522; 5)
(1231796562; 6)
(1231800322; 5)
(1231806902; 6)
(1231832282; 5)
(1231833222; 6)
(1231871762; 5)
(1231872702; 6)
(1231873642; 5)
(1231892442; 6)
(1231896202; 5)
(1231901842; 6)
(1231906542; 5)
(1231926282; 6)
(1231938502; 5)
(1231939442; 6)
(1231951662; 5)
(1231952602; 6)
(1231956362; 5)
(1231957302; 6)
(1231960122; 5)
(1231969522; 6)
(1231971402; 5)
(1232241182; 6)
(1232243062; 5)
(1232291942; 6)
(1232292882; 5)
(1232298522; 6)
(1232299462; 5)
(1232300402; 6)
(1232330482; 5)
(1232334242; 6)
(1232335182; 5)
(1232337062; 6)
(1232339882; 5)
(1232340822; 6)
(1232341762; 5)
(1232346462; 6)
(1232356802; 5)
(1232359622; 6)
(1232393462; 5)
(1232400042; 6)
(1232400982; 5)
(1232568302; 6)
(1232611542; 5)
(1232622822; 6)
(1232627522; 5)
(1232628462; 6)
(1232632222; 5)
(1232637862; 6)
(1232638802; 5)
(1232815522; 6)
(1232816462; 5)
(1232817402; 6)
(1232819282; 5)
(1232969682; 6)
(1232973442; 5)
(1233004462; 6)
(1233009162; 5)
(1233011042; 6)
(1233012922; 5)
(1233014802; 6)
(1233056162; 5)
(1233058982; 6)
(1233064622; 5)
(1233076842; 6)
(1233155802; 5)
(1233309022; 6)
(1233311842; 5)
(1233312782; 6)
(1233320302; 5)
(1233325942; 6)
(1233326882; 5)
(1233327822; 6)
(1233364482; 5)
(1233365422; 6)
(1233377642; 5)
(1233405842; 6)
(1233407722; 5)
(1233408662; 6)
(1233411482; 5)
(1233412422; 6)
(1233415242; 5)
(1233447202; 6)
(1233450962; 5)
(1233456602; 6)
(1233460362; 5)
(1233462242; 6)
(1233464122; 5)
(1233465062; 6)
(1233467882; 5)
(1233472582; 6)
(1233473522; 5)
(1233538382; 6)
(1233539322; 5)
(1233544962; 6)
(1233545902; 5)
(1233547782; 6)
(1233668102; 5)
(1233740482; 6)
(1233747062; 5)
(1233748002; 6)
(1233778082; 5)
(1234660329; 6)
(1234665975; 5)
(1234667857; 6)
(1234670680; 5)
(1234671621; 6)
(1234672562; 5)
(1234679149; 6)
(1234680090; 5)
(1234681031; 6)
(1234681972; 5)
(1234687618; 6)
(1235122360; 5)
(1235129888; 6)
(1235134593; 5)
(1235150590; 6)
(1235153413; 5)
(1235179761; 6)
(1235181643; 5)
(1235189171; 6)
(1235194817; 5)
(1235200463; 6)
(1235211755; 5)
(1235212696; 6)
(1235238103; 5)
(1235240926; 6)
(1235286094; 5)
(1235287035; 6)
(1235450769; 5)
(1235454533; 6)
(1235456415; 5)
(1235457356; 6)
(1235459238; 5)
(1235471471; 6)
(1235479940; 5)
(1235505347; 6)
(1235506288; 5)
(1235508170; 6)
(1235511934; 5)
(1235515698; 6)
(1235537341; 5)
(1235540164; 6)
(1235676609; 5)
(1235686019; 6)
(1235687901; 5)
(1235704839; 6)
(1235705780; 5)
(1235706721; 6)
(1235708603; 5)
(1240686330; 6)
(1240703304; 5)
(1240705190; 6)
(1240893790; 5)
(1240895676; 6)
(1240896619; 5)
(1240897562; 6)
(1240898505; 5)
(1240905106; 6)
(1240910764; 5)
(1241006007; 6)
(1241027696; 5)
(1241029582; 6)
(1241050328; 5)
(1241054100; 6)
(1241058815; 5)
(1241353031; 6)
(1241353974; 5)
(1241355860; 6)
(1241356803; 5)
(1241357746; 6)
(1241362461; 5)
(1241371891; 6)
(1242894792; 5)
(1242895736; 6)
(1242905176; 5)
(1242908008; 6)
(1242908952; 5)
(1242961816; 6)
(1242964648; 5)
(1242966536; 6)
(1242967480; 5)
(1242970312; 6)
(1242971256; 5)
(1242972200; 6)
(1242974088; 5)
(1242975032; 6)
(1242985416; 5)
(1242990136; 6)
(1242991080; 5)
(1242992024; 6)
(1242994856; 5)
(1242998632; 6)
(1243434760; 5)
(1243454584; 6)
(1243455528; 5)
(1243456472; 6)
(1243457416; 5)
(1243458360; 6)
(1243628280; 5)
(1243659432; 6)
(1243662264; 5)
(1243664152; 6)
(1243668872; 5)
(1243669816; 6)
(1243670760; 5)
(1244327784; 6)
(1244329672; 5)
(1244330616; 6)
(1244354216; 5)
(1244357048; 6)
(1244372152; 5)
(1244374984; 6)
(1244434456; 5)
(1244851887; 6)
(1244880237; 5)
(1244881182; 6)
(1244884017; 5)
(1244896302; 6)
(1244898192; 5)
(1244899137; 6)
(1244902917; 5)
(1244903862; 6)
(1244904807; 5)
(1244953947; 6)
(1248826265; 5)
(1248830049; 6)
(1248835725; 5)
(1248839509; 6)
(1249257641; 5)
(1249262371; 6)
(1249263317; 5)
(1249269939; 6)
(1249273723; 5)
(1249276561; 6)
(1249279399; 5)
(1249451571; 6)
(1249453463; 5)
(1249455355; 6)
(1250047651; 5)
(1250049545; 6)
(1250059962; 5)
(1250069432; 6)
(1250071326; 5)
(1250077955; 6)
(1250093107; 5)
(1250097842; 6)
(1250101630; 5)
(1250185913; 6)
(1250198224; 5)
(1250307129; 6)
(1250309023; 5)
(1250309970; 6)
(1250321334; 5)
(1250345009; 6)
(1250348797; 5)
(1250491794; 6)
(1250671724; 5)
(1250687823; 6)
(1250697293; 5)
(1250698240; 6)
(1250829873; 5)
(1250833661; 6)
(1252922142; 7)
(1252923090; 6)
(1252924038; 7)
(1252991346; 6)
(1253013150; 7)
(1253018838; 6)
(1253026422; 7)
(1253097522; 6)
(1253101314; 7)
(1253102262; 6)
(1253104158; 7)
(1253106054; 6)
(1253143974; 7)
(1253148714; 6)
(1253239722; 7)
(1253240670; 6)
(1253243514; 7)
(1255935621; 6)
(1255936570; 7)
(1256040011; 6)
(1256040960; 7)
(1256044756; 6)
(1256049501; 7)
(1256050450; 6)
(1256082716; 7)
(1256089359; 6)
(1256091257; 7)
(1256096951; 6)
(1256099798; 7)
(1256100747; 6)
(1256130166; 7)
(1256132064; 6)
(1256134911; 7)
(1256135860; 6)
(1256136809; 7)
(1256146299; 6)
(1256147248; 7)
(1256148197; 6)
(1256150095; 7)
(1256159585; 6)
(1256163381; 7)
(1259535967; 6)
(1259536917; 7)
(1259537867; 6)
(1260498317; 7)
(1260499267; 6)
(1260501167; 7)
(1261424553; 6)
(1261683225; 7)
(1261699392; 6)
(1261700343; 7)
(1261702245; 6)
(1261703196; 7)
(1261738383; 6)
(1261742187; 7)
(1261743138; 6)
(1262139705; 7)
(1262141607; 6)
(1262144460; 7)
(1262148264; 6)
(1262153019; 7)
(1262155872; 6)
(1262156823; 7)
(1262157774; 6)
(1262165382; 7)
(1262166333; 6)
(1262167284; 7)
(1262169186; 6)
(1262195814; 7)
(1262197716; 6)
(1262199618; 7)
(1262200569; 6)
(1262202471; 7)
(1262205324; 6)
(1262207226; 7)
(1262690334; 6)
(1262707452; 7)
(1262803503; 6)
(1262832033; 7)
(1262839641; 6)
(1262840592; 7)
(1262844396; 6)
(1262846298; 7)
(1262852004; 6)
(1262866269; 7)
(1262867220; 6)
(1262869122; 7)
(1262870073; 6)
(1262871975; 7)
(1262890995; 6)
(1262929035; 7)
(1262938545; 6)
(1262941398; 7)
(1262947104; 6)
(1263395244; 7)
(1263400004; 6)
(1263402860; 7)
(1263452364; 6)
(1263454268; 7)
(1263455220; 6)
(1263507580; 7)
(1263508532; 6)
(1263511388; 7)
(1263513292; 6)
(1263515196; 7)
(1263544708; 6)
(1263916940; 7)
(1263917892; 6)
(1263921700; 7)
(1263923604; 6)
(1263927412; 7)
(1263929316; 6)
(1263933124; 7)
(1263946452; 6)
(1264031180; 7)
(1264047364; 6)
(1264048316; 7)
(1264049268; 6)
(1264050220; 7)
(1264051172; 6)
(1264063548; 7)
(1264066404; 6)
(1264317732; 7)
(1264328204; 6)
(1264330108; 7)
(1264374852; 6)
(1264385324; 7)
(1264388180; 6)
(1264389132; 7)
(1264436732; 6)
(1264443396; 7)
(1264445300; 6)
(1264452916; 7)
(1264465292; 6)
(1264495756; 7)
(1264496708; 6)
(1264498612; 7)
(1264505276; 6)
(1264506228; 7)
(1264508132; 6)
(1264526220; 7)
(1264944148; 6)
(1264947004; 7)
(1264974612; 6)
(1264984132; 7)
(1264985084; 6)
(1265337324; 7)
(1265339228; 6)
(1265343036; 7)
(1265343988; 6)
(1265344940; 7)
(1265383020; 6)
(1265392540; 7)
(1265399204; 6)
(1265492500; 7)
(1265493452; 6)
(1265494404; 7)
(1265495356; 6)
(1265496308; 7)
(1265532484; 6)
(1265535340; 7)
(1265550572; 6)
(1265560092; 7)
(1265568660; 6)
(1265594364; 7)
(1265595316; 6)
(1265596268; 7)
(1265615308; 6)
(1265644820; 7)
(1265680996; 6)
(1265681948; 7)
(1265683852; 6)
(1265685756; 7)
(1265873333; 6)
(1265878098; 7)
(1265880957; 6)
(1265887628; 7)
(1265900970; 6)
(1265902876; 7)
(1266166857; 6)
(1266171622; 7)
(1266195447; 6)
(1266200212; 7)
(1266244050; 6)
(1266245003; 7)
(1266245956; 6)
(1266263110; 7)
(1266274546; 6)
(1266284076; 7)
(1266285982; 6)
(1266315525; 7)
(1266319337; 6)
(1266366987; 7)
(1266368893; 6)
(1266369846; 7)
(1266375564; 6)
(1266382235; 7)
(1266387000; 6)
(1266387953; 7)
(1266401295; 6)
(1266425120; 7)
(1266429885; 6)
(1266467052; 7)
(1266484206; 6)
(1266625250; 7)
(1266655746; 6)
(1266662417; 7)
(1266665276; 6)
(1266666229; 7)
(1266669088; 6)
(1266693866; 7)
(1266696725; 6)
(1266697678; 7)
(1266698631; 6)
(1266713879; 7)
(1266716738; 6)
(1266717691; 7)
(1266737704; 6)
(1266738657; 7)
(1266760576; 6)
(1266761529; 7)
(1266764388; 6)
(1266813944; 7)
(1266814897; 6)
(1266817756; 7)
(1266819662; 6)
(1266822521; 7)
(1266824427; 6)
(1266834910; 7)
(1266845393; 6)
(1266846346; 7)
(1266853017; 6)
(1266873030; 7)
(1266876842; 6)
(1266879701; 7)
(1266885419; 6)
(1266887325; 7)
(1267011215; 6)
(1267013121; 7)
(1267020745; 6)
(1267245653; 7)
(1267246606; 6)
(1267953732; 7)
(1268010912; 6)
(1268011865; 7)
(1268017583; 6)
(1268018536; 7)
(1268022348; 6)
(1268023301; 7)
(1268033784; 6)
(1268036643; 7)
(1268037596; 6)
(1268053797; 7)
(1268054750; 6)
(1268071904; 7)
(1268080481; 6)
(1268081434; 7)
(1268092870; 6)
(1268093823; 7)
(1268234867; 6)
(1268709681; 7)
(1268739255; 6)
(1269429951; 7)
(1269501501; 6)
(1270359147; 7)
(1270361055; 6)
(1270362009; 7)
(1270362963; 6)
(1270372503; 7)
(1270478397; 6)
(1270502247; 7)
(1270539453; 6)
(1270542315; 7)
(1270658703; 6)
(1270675875; 7)
(1271171967; 6)
(1271173877; 7)
(1271187247; 6)
(1271677162; 7)
(1271680027; 6)
(1271699127; 7)
(1271700082; 6)
(1271712497; 7)
(1271714407; 6)
(1278786129; 7)
(1278787086; 6)
(1278793785; 7)
(1278797613; 6)
(1278802398; 7)
(1281146251; 6)
(1281147209; 7)
(1281148167; 6)
(1281150083; 7)
(1281152957; 6)
(1281153915; 7)
(1281177865; 6)
(1281182655; 7)
(1281183613; 6)
(1281185529; 7)
(1281188403; 6)
(1281191277; 7)
(1281196067; 6)
(1281249715; 7)
(1281266001; 6)
(1281389583; 7)
(1281407785; 6)
(1281409701; 7)
(1281410659; 6)
(1281421197; 7)
(1281423113; 6)
(1281469097; 7)
(1282203313; 6)
(1282205231; 7)
(1282212903; 6)
(1283908415; 7)
(1284020618; 6)
(1284024454; 7)
(1284025413; 6)
(1284026372; 7)
(1284033085; 6)
(1284058019; 7)
(1284088707; 6)
(1284089666; 7)
(1284105969; 6)
(1284113641; 7)
(1284116518; 6)
(1284118436; 7)
(1284122272; 6)
(1284136657; 7)
(1284140493; 6)
(1284146247; 7)
(1284427234; 6)
(1289555060; 5)
(1289556021; 6)
(1289558904; 5)
(1289559865; 6)
(1289560826; 5)
(1289562748; 6)
(1289565631; 5)
(1289567553; 6)
(1289569475; 5)
(1289835672; 6)
(1289837594; 5)
(1289850087; 6)
(1289881819; 5)
(1289896249; 6)
(1289941463; 5)
(1289945311; 6)
(1289946273; 5)
(1290850553; 6)
(1290851515; 5)
(1290862097; 6)
(1290864021; 5)
(1290904425; 6)
(1290905387; 5)
(1290906349; 6)
(1290908273; 5)
(1290915007; 6)
(1290916931; 5)
(1290917893; 6)
(1290919817; 5)
(1291168975; 6)
(1291169937; 5)
(1291170899; 6)
(1291171861; 5)
(1291172823; 6)
(1291188215; 5)
(1291195911; 6)
(1291281529; 5)
(1291282491; 6)
(1291284415; 5)
(1291292111; 6)
(1291293073; 5)
(1291297883; 6)
(1291320009; 5)
(1291433525; 6)
(1291444107; 5)
(1291455651; 6)
(1291457575; 5)
(1291474891; 6)
(1291488359; 5)
(1291489321; 6)
(1291512409; 5)
(1291748099; 6)
(1291750023; 5)
(1291751947; 6)
(1291753871; 5)
(1291755795; 6)
(1291758681; 5)
(1291759643; 6)
(1291801009; 5)
(1291801971; 6)
(1291807743; 5)
(1291820249; 6)
(1291821211; 5)
(1291826021; 6)
(1291826983; 5)
(1291831793; 6)
(1291833717; 5)
(1291835641; 6)
(1291837565; 5)
(1291857767; 6)
(1291858729; 5)
(1291860653; 6)
(1291888551; 5)
(1291891437; 6)
(1291902981; 5)
(1291903943; 6)
(1291904905; 5)
(1291905867; 6)
(1291919335; 5)
(1291920297; 6)
(1291921259; 5)
(1291931841; 6)
(1291932803; 5)
(1291936651; 6)
(1292027079; 5)
(1292028041; 6)
(1292029003; 5)
(1292065559; 6)
(1292067483; 5)
(1292084799; 6)
(1292096343; 5)
(1292174265; 6)
(1292175227; 5)
(1292178113; 6)
(1292179075; 5)
(1292182923; 6)
(1292185809; 5)
(1292186771; 6)
(1292238719; 5)
(1292239681; 6)
(1292242567; 5)
(1292247377; 6)
(1292262769; 5)
(1292264693; 6)
(1292301249; 5)
(1292302211; 6)
(1292306059; 5)
(1302243921; 4)
(1302244887; 5)
(1302246819; 4)
(1302247785; 5)
(1302248751; 4)
(1302270003; 5)
(1302276765; 4)
(1302890175; 5)
(1302894039; 4)
(1302902733; 5)
(1302905631; 4)
(1302929781; 5)
(1302938475; 4)
(1302940407; 5)
(1302942339; 4)
(1302944271; 5)
(1302946203; 4)
(1302947169; 5)
(1302948135; 4)
(1303017687; 5)
(1303018653; 4)
(1306346156; 5)
(1306348092; 4)
(1306349060; 5)
(1306350028; 4)
(1306353900; 5)
(1306359708; 4)
(1306361644; 5)
(1306363580; 4)
(1306407140; 5)
(1306413916; 4)
(1306420692; 5)
(1306435212; 4)
(1306438116; 5)
(1306449732; 4)
(1306456508; 5)
(1306468124; 4)
(1306498132; 5)
(1306501036; 4)
(1306502004; 5)
(1306528140; 4)
(1306529108; 5)
(1306533948; 4)
(1306537820; 5)
(1306562988; 4)
(1306564924; 5)
(1306567828; 4)
(1306576540; 5)
(1306577508; 4)
(1306582348; 5)
(1306609452; 4)
(1306651076; 5)
(1306653012; 4)
(1306657852; 5)
(1306660756; 4)
(1306663660; 5)
(1306669468; 4)
(1306670436; 5)
(1306752716; 4)
(1306753684; 5)
(1306763364; 4)
(1306767236; 5)
(1319554459; 6)
(1319557378; 5)
(1319847332; 6)
(1319849278; 5)
(1319878468; 6)
(1319879441; 5)
(1319881387; 6)
(1319882360; 5)
(1319895009; 6)
(1319899874; 5)
(1319900847; 6)
(1319901820; 5)
(1319917388; 6)
(1319918361; 5)
(1319920307; 6)
(1319924199; 5)
(1319926145; 6)
(1319939767; 5)
(1319940740; 6)
(1320325075; 5)
(1320558595; 6)
(1320559568; 5)
(1320561514; 6)
(1320563460; 5)
(1320564433; 6)
(1320565406; 5)
(1320567352; 6)
(1320580001; 5)
(1320584866; 6)
(1320604326; 5)
(1320615029; 6)
(1320617948; 5)
(1320618921; 6)
(1320619894; 5)
(1320640327; 6)
(1327282767; 5)
(1327283742; 6)
(1327284717; 5)
(1327285692; 6)
(1327286667; 5)
(1327287642; 6)
(1327288617; 5)
(1327290567; 6)
(1327306167; 5)
(1327307142; 6)
(1327311042; 5)
(1327316892; 6)
(1327752792; 5)
(1327762552; 6)
(1327771336; 5)
(1328883976; 6)
(1328884952; 5)
(1328926920; 6)
(1328927896; 5)
(1328932776; 6)
(1328939608; 5)
(1328941560; 6)
(1328946440; 5)
(1330456368; 6)
(1330459299; 5)
(1334591553; 6)
(1335076641; 5)
(1335077619; 6)
(1335079575; 5)
(1335085443; 6)
(1335086421; 5)
(1335187155; 6)
(1335190089; 5)
(1335198891; 6)
(1335319185; 5)
(1335322119; 6)
(1335323097; 5)
(1335704517; 6)
(1335705495; 5)
(1335710385; 6)
(1335721143; 5)
(1335724077; 6)
(1335726033; 5)
(1335727011; 6)
(1335730923; 5)
(1335733857; 6)
(1335736791; 5)
(1335737769; 6)
(1335821877; 5)
(1335822855; 6)
(1335835569; 5)
(1335837525; 6)
(1335839481; 5)
(1335840459; 6)
(1335851217; 5)
(1335853173; 6)
(1335858067; 5)
(1340304482; 6)
(1340306442; 5)
(1340308402; 6)
(1340310362; 5)
(1340313302; 6)
(1340314282; 5)
(1340315262; 6)
(1340316242; 5)
(1342956072; 6)
(1342965882; 5)
(1342966863; 6)
(1342984521; 5)
(1342990407; 6)
(1342991388; 5)
(1342992369; 6)
(1343047305; 5)
(1343049267; 6)
(1343055153; 5)
(1343056134; 6)
(1343057115; 5)
(1343061039; 6)
(1343067906; 5)
(1343075754; 6)
(1343076735; 5)
(1343079678; 6)
(1343081640; 5)
(1343087526; 6)
(1343103222; 5)
(1343116956; 6)
(1343166006; 5)
(1343170911; 6)
(1343172873; 5)
(1343174835; 6)
(1343219961; 5)
(1343235657; 6)
(1343237619; 5)
(1343239581; 6)
(1343243505; 5)
(1343385750; 6)
(1343388693; 5)
(1343414199; 6)
(1343418123; 5)
(1343574102; 6)
(1343734005; 5)
(1343742834; 6)
(1343869383; 5)
(1351154844; 6)
(1351245372; 5)
(1351247340; 6)
(1351291620; 5)
(1351293588; 6)
(1351294572; 5)
(1351304412; 6)
(1351331964; 5)
(1351349676; 6)
(1351352628; 5)
(1351394940; 6)
(1351397892; 5)
(1351406748; 6)
(1351407732; 5)
(1351409700; 6)
(1351410684; 5)
(1351412652; 6)
(1351429380; 5)
(1351432332; 6)
(1351437252; 5)
(1351601580; 6)
(1351607484; 5)
(1351609452; 6)
(1351648812; 5)
(1351656684; 6)
(1355636071; 5)
(1355638043; 6)
(1355639029; 5)
(1355641001; 6)
(1355827355; 5)
(1355828341; 6)
(1355924969; 5)
(1355925955; 6)
(1355927927; 5)
(1355986101; 6)
(1355988073; 5)
(1356003849; 6)
(1356004835; 5)
(1356018639; 6)
(1356041317; 5)
(1356047233; 6)
(1356048219; 5)
(1356050191; 6)
(1356066953; 5)
(1356090617; 6)
(1356107379; 5)
(1356137945; 6)
(1356138931; 5)
(1356182315; 6)
(1356192175; 5)
(1356204007; 6)
(1356206965; 5)
(1356218797; 6)
(1356220769; 5)
(1356231615; 6)
(1356232601; 5)
(1356386417; 6)
(1356388389; 5)
(1356389375; 6)
(1356996751; 5)
(1357001681; 6)
(1357003653; 5)
(1357005625; 6)
(1357008583; 5)
(1357010555; 6)
(1357012527; 5)
(1357013513; 6)
(1357029289; 5)
(1357030275; 6)
(1357051967; 5)
(1357053939; 6)
(1357054925; 5)
(1357120001; 6)
(1357137749; 5)
(1357138735; 6)
(1357144651; 5)
(1357157469; 6)
(1357170287; 5)
(1357174231; 6)
(1357184091; 5)
(1357190007; 6)
(1357236349; 5)
(1357237335; 6)
(1357281705; 5)
(1357284663; 6)
(1360980938; 7)
(1360983902; 6)
(1360984890; 7)
(1360986866; 6)
(1360999710; 7)
(1361000698; 6)
(1366512537; 5)
(1366514517; 6)
(1366519467; 5)
(1366521447; 6)
(1366522437; 5)
(1366525407; 6)
(1366526397; 5)
(1366527387; 6)
(1366530357; 5)
(1366535307; 6)
(1366539267; 5)
(1366546197; 6)
(1368806370; 5)
(1368810334; 6)
(1368832136; 5)
(1368833127; 6)
(1369115562; 5)
(1369199797; 6)
(1369205743; 5)
(1369225563; 6)
(1369259257; 5)
(1369284032; 6)
(1369287996; 5)
(1369411871; 6)
(1369471331; 5)
(1369472322; 6)
(1369482232; 5)
(1369485205; 6)
(1369500070; 5)
(1369506016; 6)
(1369507998; 5)
(1369513944; 6)
(1369851875; 5)
(1369855839; 6)
(1369856830; 5)
(1369857821; 6)
(1369858812; 5)
(1373363808; 6)
(1373366784; 5)
(1373368768; 6)
(1373374720; 5)
(1373379680; 6)
(1373383648; 5)
(1373577088; 6)
(1373582048; 5)
(1375535514; 6)
(1375537500; 5)
(1378752507; 4)
(1378755489; 5)
(1378756483; 4)
(1378760459; 5)
(1378805189; 4)
(1378806183; 5)
(1378807177; 4)
(1378811153; 5)
(1378812147; 4)
(1378819105; 5)
(1378821093; 4)
(1378822087; 5)
(1378823081; 4)
(1378824075; 5)
(1378825069; 4)
(1378858865; 5)
(1378868805; 4)
(1378869799; 5)
(1378916517; 4)
(1378917511; 5)
(1378925463; 4)
(1378926457; 5)
(1384051158; 4)
(1384052154; 5)
(1384053150; 4)
(1384209522; 5)
(1384210518; 4)
(1384211514; 5)
(1384212510; 4)
(1384229442; 5)
(1384389798; 4)
(1386047763; 5)
(1386051751; 4)
(1386072688; 5)
(1386073685; 4)
(1386081661; 5)
(1386180364; 4)
(1386212268; 5)
(1387816441; 4)
(1387817438; 5)
(1388777122; 4)
(1388780116; 5)
(1388864946; 4)
(1388912850; 5)
(1388918838; 4)
(1388925824; 5)
(1388955764; 4)
(1389141392; 5)
(1390560548; 4)
(1394779895; 5)
(1394786895; 4)
(1394787895; 5)
(1394899895; 4)
(1394943895; 5)
(1394944895; 4)
(1394945895; 5)
(1394977895; 4)
(1395275895; 5)
(1395276895; 4)
(1395278895; 5)
(1395280895; 4)
(1395281895; 5)
(1395282895; 4)
(1395293895; 5)
(1395299895; 4)
(1395300895; 5)
(1395317895; 4)
(1395321895; 5)
(1395323895; 4)
(1395324895; 5)
(1395326895; 4)
(1395327895; 5)
(1395328895; 4)
(1395357895; 5)
(1395358895; 4)
(1395360895; 5)
(1395361895; 4)
(1395363895; 5)
(1395381895; 4)
(1395382895; 5)
(1395481895; 4)
(1395485895; 5)
(1395487895; 4)
(1395495895; 5)
(1401015992; 4)
(1401016994; 5)
(1401017996; 4)
(1401022004; 5)
(1401028016; 4)
(1401037034; 5)
(1401057074; 4)
(1401060080; 5)
(1401065090; 4)
(1401101162; 5)
(1401632222; 4)
(1401672302; 5)
(1401673304; 4)
(1401674306; 5)
(1401675308; 4)
(1401677312; 5)
(1401685328; 4)
(1401687332; 5)
(1401694346; 4)
(1401695348; 5)
(1401705368; 4)
(1401712382; 5)
(1401744446; 4)
(1401745448; 5)
(1401746450; 4)
(1401749456; 5)
(1401750458; 4)
(1401757472; 5)
(1401921800; 4)
(1402489267; 5)
(1402496288; 4)
(1402497291; 5)
(1402501303; 4)
(1402502306; 5)
(1402503309; 4)
(1402504312; 5)
(1402505315; 4)
(1402506318; 5)
(1402552456; 4)
(1402627681; 5)
(1406403417; 4)
(1406408437; 5)
(1406512853; 4)
(1406514861; 5)
(1406517873; 4)
(1406518877; 5)
(1406520885; 4)
(1406542973; 5)
(1406545985; 4)
(1406565061; 5)
(1406567069; 4)
(1406568073; 5)
(1406574097; 4)
(1406687549; 5)
(1406696585; 4)
(1406698593; 5)
(1406699597; 4)
(1406718673; 5)
(1406724697; 4)
(1411764954; 3)
(1411812236; 4)
(1411813242; 3)
(1411869578; 4)
(1411873602; 3)
(1411914848; 4)
(1411915854; 3)
(1411963136; 4)
(1411964142; 3)
(1411965148; 4)
(1411966154; 3)
(1411969172; 4)
(1411970178; 3)
(1411999352; 4)
(1412003376; 3)
(1412004382; 4)
(1412007400; 3)
(1412013436; 4)
(1412020478; 3)
(1412021484; 4)
(1412067760; 3)
(1412077820; 4)
(1412080838; 3)
(1412081844; 4)
(1412082850; 3)
(1412088886; 4)
(1412090898; 3)
(1412313224; 4)
(1412318254; 3)
(1412322278; 4)
(1412323284; 3)
(1412715624; 4)
(1412716630; 3)
(1412717636; 4)
(1412719648; 3)
(1412720654; 4)
(1412721660; 3)
(1412725684; 4)
(1412784032; 3)
(1412785038; 4)
(1412786044; 3)
(1412788056; 4)
(1412789062; 3)
(1412805158; 4)
(1412808176; 3)
(1412813206; 4)
(1412814212; 3)
(1412830308; 4)
(1412833326; 3)
(1412836344; 4)
(1412878596; 3)
(1412881614; 4)
(1412915818; 3)
(1413030502; 4)
(1413031508; 3)
(1413032514; 4)
(1413035532; 3)
(1413039556; 4)
(1413186432; 3)
(1413187438; 4)
(1413189450; 3)
(1413190456; 4)
(1414904202; 3)
(1414905209; 4)
(1414908230; 3)
(1414911251; 4)
(1414912258; 3)
(1414915279; 4)
(1414931391; 3)
(1414933405; 4)
(1414934412; 3)
(1414935419; 4)
(1414938440; 3)
(1415156959; 4)
(1416245603; 3)
(1416246611; 4)
(1416249635; 3)
(1416263747; 4)
(1416276851; 3)
(1416278867; 4)
(1416279875; 3)
(1416486515; 4)
(1416488531; 3)
(1416489539; 4)
(1416490547; 3)
(1416492563; 4)
(1416493571; 3)
(1416494579; 4)
(1416500627; 3)
(1416502643; 4)
(1416503651; 3)
(1416532883; 4)
(1416533891; 3)
(1416535907; 4)
(1416536915; 3)
(1416539939; 4)
(1416540947; 3)
(1416958259; 4)
(1417644707; 3)
(1417645715; 4)
(1417648739; 3)
(1417663859; 4)
(1417666883; 3)
(1417670915; 4)
(1417671923; 3)
(1417673939; 4)
(1417676963; 3)
(1417677971; 4)
(1417815059; 3)
(1417816067; 4)
(1417849331; 3)
(1417862435; 4)
(1417889651; 3)
(1418015651; 4)
(1418107379; 3)
(1418108387; 4)
(1418109395; 3)
(1418111411; 4)
(1418113427; 3)
(1418116451; 4)
(1418119475; 3)
(1418120483; 4)
(1418130563; 3)
(1418238419; 4)
(1418268659; 3)
(1418269667; 4)
(1418271683; 3)
(1418273699; 4)
(1418274707; 3)
(1418275715; 4)
(1418276723; 3)
(1418422883; 4)
(1421470520; 3)
(1421488682; 4)
(1421489691; 3)
(1421603708; 4)
(1421606735; 3)
(1421607744; 4)
(1421629942; 3)
(1421630951; 4)
(1421670302; 3)
(1421672320; 4)
(1421691491; 3)
(1421741941; 4)
(1421756067; 3)
(1421759094; 4)
(1421760103; 3)
(1421761112; 4)
(1421763130; 3)
(1421765148; 4)
(1421766157; 3)
(1421777256; 4)
(1421778265; 3)
(1421786337; 4)
(1421791382; 3)
(1421792391; 4)
(1421797440; 3)
(1422272140; 4)
(1422972070; 3)
(1423072060; 4)
(1423074080; 3)
(1423088220; 4)
(1423141750; 3)
(1423144780; 4)
(1423152860; 3)
(1423172050; 4)
(1423420510; 3)
(1423429600; 4)
(1423433640; 3)
(1423434650; 4)
(1423438690; 3)
(1423503330; 4)
(1424604230; 3)
(1424607260; 4)
(1424623433; 3)
(1424626466; 4)
(1424627477; 3)
(1424631521; 4)
(1424646686; 3)
(1424655785; 4)
(1424664884; 3)
(1424665895; 4)
(1424731610; 3)
(1424740709; 4)
(1424741720; 3)
(1425422123; 4)
(1425433244; 3)
(1425576806; 4)
(1425604103; 3)
(1425606125; 4)
(1425609158; 3)
(1425725423; 4)
(1425727445; 3)
(1425728456; 4)
(1425729467; 3)
(1425732500; 4)
(1425741599; 3)
(1425742610; 4)
(1425743621; 3)
(1425744632; 4)
(1425749687; 3)
(1425751709; 4)
(1425847754; 3)
(1425848765; 4)
(1425852809; 3)
(1425857864; 4)
(1425859886; 3)
(1425895271; 4)
(1428455125; 3)
(1428458161; 4)
(1428459173; 3)
(1428460185; 4)
(1428557337; 3)
(1428568469; 4)
(1428611985; 3)
(1428614009; 4)
(1429935681; 3)
(1429937705; 4)
(1429938717; 3)
(1429942765; 4)
(1429949849; 3)
(1429955921; 4)
(1430283840; 3)
(1430285866; 4)
(1430303087; 3)
(1430304100; 4)
(1430305113; 3)
(1430316256; 4)
(1430403374; 3)
(1430404387; 4)
(1430409452; 3)
(1430495557; 4)
(1430510752; 3)
(1430512778; 4)
(1430513791; 3)
(1430517843; 4)
(1430518856; 3)
(1430541142; 4)
(1430544181; 3)
(1430564441; 4)
(1430570519; 3)
(1438273736; 2)
(1438277796; 3)
(1438281856; 2)
(1438283886; 3)
(1438284901; 2)
(1438308246; 3)
(1438347831; 2)
(1438355951; 3)
(1438357981; 2)
(1438360011; 3)
(1438699021; 2)
(1438701051; 3)
(1438702066; 2)
(1438712216; 3)
(1438737593; 2)
(1438739625; 3)
(1438800585; 2)
(1438811761; 3)
(1438842241; 2)
(1438847321; 3)
(1438851385; 2)
(1438853417; 3)
(1438869673; 2)
(1438870689; 3)
(1438932665; 2)
(1439010897; 3)
(1439075921; 2)
(1439085065; 3)
(1439087097; 2)
(1439168377; 3)
(1439171425; 2)
(1439172441; 3)
(1439177521; 2)
(1439180569; 3)
(1439181585; 2)
(1439187681; 3)
(1439189713; 2)
(1440319505; 3)
(1440320521; 2)
(1440323569; 3)
(1440324585; 2)
(1440325601; 3)
(1440330681; 2)
(1440361161; 3)
(1440362177; 2)
(1440363193; 3)
(1440374369; 2)
(1440382497; 3)
(1440383513; 2)
(1440392657; 3)
(1440399769; 2)
(1440408913; 3)
(1440409929; 2)
(1440412977; 3)
(1440413993; 2)
(1440421105; 3)
(1440422121; 2)
(1440424153; 3)
(1440463777; 2)
(1440464793; 3)
(1440473937; 2)
(1440483081; 3)
(1440566393; 2)
(1440567409; 3)
(1440921993; 2)
(1440924025; 3)
(1440956537; 2)
(1440957553; 3)
(1440958569; 2)
(1440961617; 3)
(1440962633; 2)
(1440963649; 3)
(1440965681; 2)
(1440994129; 3)
(1440996161; 2)
(1440997177; 3)
(1441238985; 2)
(1462535317; 1)
(1462536341; 2)
(1462537365; 1)
(1462539413; 2)
(1462540437; 1)
(1462544533; 2)
(1464543581; 1)
(1464545631; 2)
(1464550756; 1)
(1464552806; 2)
(1464554856; 1)
(1464565106; 2)
(1471322030; 1)
(1471324084; 2)
(1471325111; 1)
(1471328192; 2)
(1471331273; 1)
(1471334354; 2)
(1471488404; 1)
(1471495593; 2)
(1471498674; 1)
(1471499701; 2)
(1471514079; 1)
(1471515106; 2)
(1471523322; 1)
(1471527430; 2)
(1471533592; 1)
(1471534619; 2)
(1471535646; 1)
(1471543862; 2)
(1478110612; 3)
(1478180584; 2)
(1478192932; 3)
(1478193961; 2)
(1478194990; 3)
(1478205280; 2)
(1478250556; 3)
(1478270107; 2)
(1478289658; 3)
(1478290687; 2)
(1478292745; 3)
(1478293774; 2)
(1482934930; 3)
(1491301815; 4)
(1491322495; 3)
(1491331801; 4)
(1491351447; 3)
(1491352481; 4)
(1491353515; 3)
(1491356617; 4)
(1491360753; 3)
(1491367991; 4)
(1491373161; 3)
(1491380399; 4)
(1491519989; 3)
(1491534465; 4)
(1491589267; 3)
(1491606845; 4)
(1491607879; 3)
(1491640967; 4)
(1491652341; 3)
(1491723687; 4)
(1491724721; 3)
(1491729891; 4)
(1491749537; 3)
(1491754707; 4)
(1491756775; 3)
(1491757809; 4)
(1491801237; 3)
(1491805373; 4)
(1491807441; 3)
(1492509527; 4)
(1492511595; 3)
(1492512629; 4)
(1492513663; 3)
(1495925539; 4)
(1495928644; 3)
(1495929679; 4)
(1495933819; 3)
(1495937960; 4)
(1499577116; 3)
(1524542656; 2)
(1524556241; 3)
(1524558331; 2)
(1528086313; 3)
(1528089454; 2)
(1528180543; 3)
(1528185778; 2)
(1528186825; 3)
(1528200436; 2)
(1528206718; 3)
(1528208812; 2)
(1528255927; 3)
(1528256974; 2)
(1528260115; 3)
(1528261162; 2)
(1528375285; 3)
(1528377379; 2)
(1528378426; 3)
(1528381567; 2)
(1528383661; 3)
(1528384708; 2)
(1528388896; 3)
(1528501972; 2)
(1528512442; 3)
(1528766863; 2)
(1528911349; 3)
(1528912396; 2)
(1528917631; 3)
(1528918678; 2)
(1528921819; 3)
(1528960558; 2)
(1528961605; 3)
(1528968934; 2)
(1529053741; 3)
(1529054788; 2)
(1529125984; 3)
(1529143783; 2)
(1529145877; 3)
(1529146924; 2)
(1529151112; 3)
(1529152159; 2)
(1529154253; 3)
(1529159488; 2)
(1529160535; 3)
(1529163676; 2)
(1529165770; 3)
(1529187757; 2)
(1529196133; 3)
(1529197180; 2)
(1529201368; 3)
(1529212885; 2)
(1529213932; 3)
(1529256859; 2)
(1529261047; 3)
(1529262094; 2)
(1529281987; 3)
(1529288269; 2)
(1529292457; 3)
(1529297692; 2)
(1529311303; 3)
(1529321773; 2)
(1529324914; 3)
(1529396110; 2)
(1529744761; 3)
(1529777218; 2)
(1529786641; 3)
(1529818051; 2)
(1529819098; 3)
(1529825380; 2)
(1529826427; 3)
(1529828521; 2)
(1529829568; 3)
(1529833756; 2)
(1529844226; 3)
(1529845273; 2)
(1529848414; 3)
(1529851555; 2)
(1529872495; 3)
(1529946832; 2)
(1529988712; 3)
(1529989759; 2)
(1529990806; 3)
(1529991853; 2)
(1529999182; 3)
(1530001276; 2)
(1530011746; 3)
(1530012793; 2)
(1530022216; 3)
(1530024310; 2)
(1530025357; 3)
(1530032686; 2)
(1530036874; 3)
(1530121681; 2)
(1530123775; 3)
(1530125869; 2)
(1530127963; 3)
(1531103017; 2)
(1531104065; 3)
(1532283065; 2)
(1532284113; 3)
(1532285161; 2)
(1532286209; 3)
(1532297737; 2)
(1532298785; 3)
(1532302977; 2)
(1532319745; 3)
(1532340705; 2)
(1532342801; 3)
(1532349089; 2)
(1532357473; 3)
(1532359569; 2)
(1532364809; 3)
(1532372145; 2)
(1532381577; 3)
(1532388913; 2)
(1532389961; 3)
(1532392057; 2)
(1532396249; 3)
(1532398345; 2)
(1532400441; 3)
(1532418257; 2)
(1532419305; 3)
(1532472753; 2)
(1532476945; 3)
(1532477993; 2)
(1532479041; 3)
(1532495809; 2)
(1532503145; 3)
(1532504193; 2)
(1532505241; 3)
(1532528297; 2)
(1532530393; 3)
(1532547161; 2)
(1533326873; 3)
(1533330017; 2)
(1533332113; 3)
(1533335257; 2)
(1533348881; 3)
(1533349929; 2)
(1533350977; 3)
(1533353073; 2)
(1533360409; 3)
(1533363553; 2)
(1533364601; 3)
(1533369841; 2)
(1535836760; 3)
(1535845152; 2)
(1535848299; 3)
(1540070071; 4)
(1540187783; 3)
(1540188834; 4)
(1540195140; 3)
(1540197242; 4)
(1540202497; 3)
(1540217211; 4)
(1540220364; 3)
(1540222466; 4)
(1540608183; 3)
(1540612387; 4)
(1540664937; 3)
(1540672294; 4)
(1540673345; 3)
(1540677549; 4)
(1540744813; 3)
(1540756374; 4)
(1540840454; 3)
(1556912893; 2)
(1556915005; 3)
(1557077629; 2)
(1557079741; 3)
(1557080797; 2)
(1557090301; 3)
(1557097693; 2)
(1557107197; 3)
(1557109309; 2)
(1557110365; 3)
(1557111421; 2)
(1557608130; 3)
(1557626099; 2)
(1557627156; 3)
(1557628213; 2)
(1563387976; 3)
(1563393271; 2)
(1563395389; 3)
(1563409156; 2)
(1563431395; 3)
(1566220963; 2)
(1566223083; 3)
(1566262303; 2)
(1566263363; 3)
(1566265483; 2)
(1566268663; 3)
(1566275023; 2)
(1566276083; 3)
(1566277143; 2)
(1566278203; 3)
(1566324843; 2)
(1566332263; 3)
(1566333323; 2)
(1566335443; 3)
(1566388443; 2)
(1566429783; 3)
(1566443563; 2)
(1566472183; 3)
(1566480663; 2)
(1566509283; 3)
(1566510343; 2)
(1566618463; 3)
(1566619523; 2)
(1566622703; 3)
(1566623763; 2)
(1566628003; 3)
(1566629063; 2)
(1566631183; 3)
(1567597903; 2)
(1567616983; 3)
(1567619103; 2)
(1567620163; 3)
(1567621223; 2)
(1567622283; 3)
(1567623343; 2)
(1567631823; 3)
(1567632883; 2)
(1567667863; 3)
(1567669983; 2)
(1567672103; 3)
(1567726163; 2)
(1567739943; 3)
(1567741003; 2)
(1567742063; 3)
(1567755843; 2)
(1567760083; 3)
(1567769623; 2)
(1567770683; 3)
(1567772803; 2)
(1567775983; 3)
(1567784463; 2)
(1567785523; 3)
(1567786583; 2)
(1567788703; 3)
(1567834283; 2)
(1567835343; 3)
(1567840643; 2)
(1567856543; 3)
(1567886223; 2)
(1567887283; 3)
(1567889403; 2)
(1567890463; 3)
(1567891523; 2)
(1567898943; 3)
(1567904243; 2)
(1567943463; 3)
(1567954063; 2)
(1567955123; 3)
(1567956183; 2)
(1568016603; 3)
(1568018723; 2)
(1568020843; 3)
(1568035683; 2)
(1568037803; 3)
(1568040983; 2)
(1568045223; 3)
(1568046283; 2)
(1568049463; 3)
(1568050523; 2)
(1568051583; 3)
(1569298419; 2)
(1569299480; 3)
(1569306907; 2)
(1569307968; 3)
(1569310090; 2)
(1569311151; 3)
(1569318578; 2)
(1569322822; 3)
(1569331310; 2)
(1569340859; 3)
(1569341920; 2)
(1569475606; 3)
(1569518046; 2)
(1569669769; 3)
(1569678257; 2)
(1569679318; 3)
(1570951457; 2)
(1570971616; 3)
(1570979043; 2)
(1570985409; 3)
(1570987531; 2)
(1570998141; 3)
(1570999202; 2)
(1571014056; 3)
(1571305831; 2)
(1571311136; 3)
(1571314319; 2)
(1571316441; 3)
(1571318563; 2)
(1571320685; 3)
(1571322807; 2)
(1571324929; 3)
(1571342966; 2)
(1571344027; 3)
(1571355698; 2)
(1571357820; 3)
(1571843758; 2)
(1571845880; 3)
(1571849063; 2)
(1571862856; 3)
(1571957285; 2)
(1571958346; 3)
(1571961529; 2)
(1571968960; 3)
(1571975332; 2)
(1571977456; 3)
(1571987014; 2)
(1571988076; 3)
(1572022060; 2)
(1572135694; 3)
(1572136756; 2)
(1572139942; 3)
(1572141004; 2)
(1572262072; 3)
(1572265258; 2)
(1572267382; 3)
(1572268444; 2)
(1572270568; 3)
(1572318358; 2)
(1572336412; 3)
(1572348094; 2)
(1572434116; 3)
(1572454294; 2)
(1572462790; 3)
(1572465976; 2)
(1572468100; 3)
(1572469162; 2)
(1572475534; 3)
(1572476596; 2)
(1572478720; 3)
(1572487216; 2)
(1572494650; 3)
(1572496774; 2)
(1572520138; 3)
(1572529696; 2)
(1572578548; 3)
(1572599788; 2)
(1572606160; 3)
(1572607222; 2)
(1572632710; 3)
(1572703864; 2)
(1572708112; 3)
(1572889714; 2)
(1572892900; 3)
(1572893962; 2)
(1572898210; 3)
(1572904582; 2)
(1572906706; 3)
(1572908830; 2)
(1572909892; 3)
(1572951310; 2)
(1574257570; 3)
(1574259694; 2)
(1574265004; 3)
(1574296864; 2)
(1574426428; 3)
(1574455102; 2)
(1574458288; 3)
(1574459350; 2)
(1574464660; 3)
(1574471032; 2)
(1574473156; 3)
(1574476342; 2)
(1574480590; 3)
(1574510326; 2)
(1574518822; 3)
(1574520946; 2)
(1574623960; 3)
(1574634580; 2)
(1574651572; 3)
(1574652634; 2)
(1574669626; 3)
(1574672812; 2)
(1574673874; 3)
(1574675998; 2)
(1574680246; 3)
(1574786446; 2)
(1574787508; 3)
(1574788570; 2)
(1574852290; 3)
(1574924506; 2)
(1574925568; 3)
(1574926630; 2)
(1574930882; 3)
(1574931945; 2)
(1574935134; 3)
(1574955331; 2)
(1574956394; 3)
(1575274231; 2)
(1575276357; 3)
(1575277420; 2)
(1575285924; 3)
(1575286987; 2)
(1575301869; 3)
(1575308247; 2)
(1575309310; 3)
(1575312499; 2)
(1575340137; 3)
(1575353956; 2)
(1575356082; 3)
(1575367775; 2)
(1575369901; 3)
(1575370964; 2)
(1575410295; 3)
(1575464508; 2)
(1575465571; 3)
(1575466634; 2)
(1575467697; 3)
(1575471949; 2)
(1575473012; 3)
(1575475138; 2)
(1575476201; 3)
(1575477264; 2)
(1575480453; 3)
(1575483642; 2)
(1575485768; 3)
(1575495335; 2)
(1575502776; 3)
(1575507028; 2)
(1575508091; 3)
(1575512343; 2)
(1575519784; 3)
(1575533603; 2)
(1575539981; 3)
(1575542107; 2)
(1576054473; 3)
(1587472272; 2)
(1588849769; 3)
(1588858305; 2)
(1588859372; 3)
(1588878578; 2)
(1588896717; 3)
(1588897784; 2)
(1588902052; 3)
(1588903119; 2)
(1589598803; 3)
(1589623344; 2)
(1589624411; 3)
(1589625478; 2)
(1589626545; 3)
(1589725776; 2)
(1589738580; 3)
(1589739647; 2)
(1589830392; 3)
(1589832528; 2)
(1589836800; 3)
(1589837868; 2)
(1589842140; 3)
(1589891268; 2)
(1589895540; 3)
(1589942532; 2)
(1589943600; 3)
(1589944668; 2)
(1589970300; 3)
(1590252252; 2)
(1590253320; 3)
(1590963540; 2)
(1590964608; 3)
(1590968880; 2)
(1590973152; 3)
(1590974220; 2)
(1590988104; 3)
(1591022280; 2)
(1591057524; 3)
(1591068204; 2)
(1591069272; 3)
(1591100244; 2)
(1591105584; 3)
(1591107720; 2)
(1591119468; 3)
(1591120536; 2)
(1591128012; 3)
(1591129080; 2)
(1591141896; 3)
(1591147236; 2)
(1591155780; 3)
(1591158984; 2)
(1591160052; 3)
(1591163256; 2)
(1591164324; 3)
(1591656672; 2)
(1591657740; 3)
(1591658808; 2)
(1591665216; 3)
(1591678032; 2)
(1591714344; 3)
(1591981344; 2)
(1591993092; 3)
(1591997364; 2)
(1591999500; 3)
(1592006976; 2)
(1592438448; 3)
(1592439516; 2)
(1592443788; 3)
(1592444856; 2)
(1592449128; 3)
(1592593308; 2)
(1592596512; 3)
(1592597580; 2)
(1592598648; 3)
(1599306081; 2)
(1599308223; 3)
(1599315720; 2)
(1599333927; 3)
(1599338211; 2)
(1599339282; 3)
(1599340353; 2)
(1599357489; 3)
(1599359631; 2)
(1599360702; 3)
(1599361773; 2)
(1599368199; 3)
(1608969876; 2)
(1608970950; 3)
(1608972024; 2)
(1609089090; 3)
(1609097682; 2)
(1609098756; 3)
(1609109496; 2)
(1609111644; 3)
(1609811892; 2)
(1609812966; 3)
(1609817262; 2)
(1609819410; 3)
(1609836594; 2)
(1609837668; 3)
(1609858074; 2)
(1609868814; 3)
(1609884924; 2)
(1610189940; 3)
(1610191014; 2)
(1610195310; 3)
(1610198532; 2)
(1610199606; 3)
(1610204976; 2)
(1610218938; 3)
(1610229678; 2)
(1610230752; 3)
(1610232900; 2)
(1610236122; 3)
(1610240418; 2)
(1610249010; 3)
(1610250084; 2)
(1610304858; 3)
(1610305932; 2)
(1610311302; 3)
(1610312376; 2)
(1610313450; 3)
(1610314524; 2)
(1610395074; 3)
(1610402592; 2)
(1610407962; 3)
(1610409036; 2)
(1610429442; 3)
(1613114554; 2)
(1613118854; 3)
(1613119929; 2)
(1613133904; 3)
(1613136054; 2)
(1613290854; 3)
(1613291929; 2)
(1613294079; 3)
(1613297304; 2)
(1613298379; 3)
(1613398354; 2)
(1613439204; 3)
(1613486504; 2)
(1617247464; 3)
(1617248541; 2)
(1618007826; 3)
(1618012134; 2)
(1618018596; 3)
(1618021827; 2)
(1618458012; 3)
(1618460166; 2)
(1618462320; 3)
(1618464474; 2)
(1618466628; 3)
(1618710030; 2)
(1618713261; 3)
(1618904967; 2)
(1622104823; 3)
(1622105901; 2)
(1622116681; 3)
(1622118837; 2)
(1622127461; 3)
(1622132851; 2)
(1622139319; 3)
(1622171659; 2)
(1622350607; 3)
(1622351685; 2)
(1622363543; 3)
(1622365699; 2)
(1622437925; 3)
(1622440081; 2)
(1622585611; 3)
(1622586689; 2)
(1622591001; 3)
(1622596391; 2)
(1622679397; 3)
(1622735492; 2)
(1622736571; 3)
(1622776494; 2)
(1622777573; 3)
(1628161902; 4)
(1628166222; 3)
(1628170542; 4)
(1630403384; 3)
(1630405546; 4)
(1630407708; 3)
(1630409870; 4)
(1630421761; 3)
(1630423923; 4)
(1630439057; 3)
(1630440138; 4)
(1630445543; 3)
(1630446624; 4)
(1630448786; 3)
(1630472568; 4)
(1630473649; 3)
(1630483378; 4)
(1630490945; 3)
(1630492026; 4)
(1630676877; 3)
(1630717955; 4)
(1630721198; 3)
(1630722279; 4)
(1639966308; 3)
(1639969560; 4)
(1639971728; 3)
(1639982568; 4)
(1639983652; 3)
(1640448688; 4)
(1640458444; 3)
(1640466032; 4)
(1640467116; 3)
(1640484460; 4)
(1640485544; 3)
(1640486628; 4)
(1640711016; 3)
(1640716436; 4)
(1640721856; 3)
(1640742452; 4)
(1640744620; 3)
(1640755460; 4)
(1640786896; 3)
(1640789064; 4)
(1640800998; 3)
(1641929398; 4)
(1641930483; 3)
(1641931568; 4)
(1642131208; 3)
(1642135548; 4)
(1642149653; 3)
(1642162673; 4)
(1642163758; 3)
(1642164843; 4)
(1642168098; 3)
(1642173523; 4)
(1642174608; 3)
(1642175693; 4)
(1642193053; 3)
(1642194138; 4)
(1642200648; 3)
(1642538083; 4)
(1642541338; 3)
(1642544593; 4)
(1642548933; 3)
(1642559783; 4)
(1642560868; 3)
(1642571718; 4)
(1642628138; 3)
(1642629223; 4)
(1642630308; 3)
(1642631393; 4)
(1642634648; 3)
(1642643328; 4)
(1642678048; 3)
(1642679133; 4)
(1642681303; 3)
(1642684558; 4)
(1642685643; 3)
(1642689983; 4)
(1642692153; 3)
(1642695408; 4)
(1642696493; 3)
(1642893963; 4)
(1642895048; 3)
(1642910238; 4)
(1642913493; 3)
(1642916748; 4)
(1642939533; 3)
(1642940618; 4)
(1642946043; 3)
(1642947128; 4)
(1642963403; 3)
(1642973168; 4)
(1642997038; 3)
(1645155251; 4)
(1645157423; 3)
(1645160681; 4)
(1645161767; 3)
(1645173713; 4)
(1645174799; 3)
(1645175885; 4)
(1645176971; 3)
(1645179143; 4)
(1645180229; 3)
(1645181315; 4)
(1645185659; 3)
(1645187831; 4)
(1645188917; 3)
(1645640693; 4)
(1645643951; 3)
(1650454438; 4)
(1650455526; 3)
(1650459878; 4)
(1650460966; 3)
(1660174291; 4)
(1660180837; 3)
(1660188474; 4)
(1660367398; 3)
(1660401219; 4)
(1660404492; 3)
(1660405583; 4)
(1660406674; 3)
(1660461224; 4)
(1660462315; 3)
(1660467770; 4)
(1660469952; 3)
(1660471043; 4)
(1660754703; 3)
(1660755794; 4)
(1660760158; 3)
(1660772159; 4)
(1660786342; 3)
(1660812526; 4)
(1660816890; 3)
(1660829982; 4)
(1660887805; 3)
(1660907443; 4)
(1660908534; 3)
(1660909625; 4)
(1660917262; 3)
(1661070002; 4)
(1661071093; 3)
(1661072184; 4)
(1661085276; 3)
(1661087458; 4)
(1661160555; 3)
(1661162737; 4)
(1661492219; 3)
(1661498765; 4)
(1661558770; 3)
(1661562043; 4)
(1661591500; 3)
(1661592591; 4)
(1661593682; 3)
(1661596955; 4)
(1661598046; 3)
(1661602410; 4)
(1661603501; 3)
(1661697327; 4)
(1661698418; 3)
(1661922073; 4)
(1661923164; 3)
(1661927528; 4)
(1661928619; 3)
(1661930801; 4)
(1661931892; 3)
(1661932983; 4)
(1661946075; 3)
(1661958076; 4)
(1661960258; 3)
(1661962440; 4)
(1662033358; 3)
(1662042094; 4)
(1662321646; 3)
(1662322738; 4)
(1662323830; 3)
(1662326014; 4)
(1662327106; 3)
(1662328198; 4)
(1662332566; 3)
(1662437398; 4)
(1662438490; 3)
(1662439582; 4)
(1662440674; 3)
(1662441766; 4)
(1662445042; 3)
(1662467974; 4)
(1662541138; 3)
(1662545506; 4)
(1662546598; 3)
(1662547690; 4)
(1666644125; 3)
(1666650683; 4)
(1666651776; 3)
(1666803703; 4)
(1666806982; 3)
(1666809168; 4)
(1666824470; 3)
(1666836493; 4)
(1666841958; 3)
(1666917375; 4)
(1675184880; 5)
(1675187072; 4)
(1675192552; 5)
(1675198032; 4)
(1675212280; 5)
(1675269272; 4)
(1676120864; 5)
(1676121960; 4)
(1676124152; 5)
(1676126344; 4)
(1676139496; 5)
(1676142784; 4)
(1676148264; 5)
(1676149360; 4)
(1676150456; 5)
(1676199776; 4)
(1676201968; 5)
(1676205256; 4)
(1676208544; 5)
(1676220600; 4)
(1676221696; 5)
(1676415688; 4)
(1676422264; 5)
(1676425552; 4)
(1676450760; 5)
(1676451856; 4)
(1676455144; 5)
(1676460624; 4)
(1676463912; 5)
(1676465008; 4)
(1676467200; 5)
(1676468296; 4)
(1676475968; 5)
(1676478160; 4)
(1676480352; 5)
(1676486928; 4)
(1676497888; 5)
(1676502272; 4)
(1676505560; 5)
(1676513232; 4)
(1676514328; 5)
(1676515424; 4)
(1676522000; 5)
(1676529672; 4)
(1676540632; 5)
(1676547208; 4)
(1676549400; 5)
(1676552688; 4)
(1676555976; 5)
(1676610776; 4)
(1686404743; 3)
(1686469584; 4)
(1686506982; 3)
(1686508082; 4)
(1686525682; 3)
(1686526782; 4)
(1686527882; 3)
(1686530082; 4)
(1686538882; 3)
(1686555382; 4)
(1686561982; 3)
(1686592782; 4)
(1686593882; 3)
(1687309982; 4)
(1687507982; 3)
(1687568482; 4)
(1687569582; 3)
(1687570682; 4)
(1687591582; 3)
(1687606982; 4)
(1687608082; 3)
(1687648782; 4)
(1687649882; 3)
(1687725782; 4)
(1687752182; 3)
(1687753282; 4)
(1687754382; 3)
(1687755482; 4)
(1687767582; 3)
(1687769782; 4)
(1687814882; 3)
(1687815982; 4)
(1687818182; 3)
(1687833582; 4)
(1687835782; 3)
(1687840182; 4)
(1687853382; 3)
(1688434182; 4)
(1688436382; 3)
(1688529882; 4)
(1688534282; 3)
(1688537582; 4)
(1688622282; 3)
(1690237716; 4)
(1690263039; 3)
(1690264140; 4)
(1690265241; 3)
(1690358826; 4)
(1690386351; 3)
(1690387452; 4)
(1690389654; 3)
(1690400664; 4)
(1690401765; 3)
(1690402866; 4)
(1690407270; 3)
(1690411674; 4)
(1690412775; 3)
(1690427088; 4)
(1690428189; 3)
(1690442502; 4)
(1690444704; 3)
(1690446906; 4)
(1690448007; 3)
(1690450209; 4)
(1690464522; 3)
(1692068679; 4)
(1692074184; 3)
(1692088497; 4)
(1692094002; 3)
(1692095103; 4)
(1692096204; 3)
(1692100608; 4)
(1692101709; 3)
(1692106113; 4)
(1692108315; 3)
(1692110517; 4)
(1692160062; 3)
(1692162264; 4)
(1692163365; 3)
(1692171072; 4)
(1692220617; 3)
(1692221718; 4)
(1692231627; 3)
(1692402282; 4)
(1692447423; 3)
(1692448524; 4)
(1692449625; 3)
(1692451827; 4)
(1692452928; 3)
(1692454029; 4)
(1692463938; 3)
(1692467241; 4)
(1692476049; 3)
(1692613677; 4)
(1692614779; 3)
(1692623595; 4)
(1692626901; 3)
(1692629105; 4)
(1692630207; 3)
(1692632411; 4)
(1692633513; 3)
(1692636819; 4)
(1692639023; 3)
(1692640125; 4)
(1692644533; 3)
(1692645635; 4)
(1692646737; 3)
(1692652247; 4)
(1692653349; 3)
(1692654451; 4)
(1692695225; 3)
(1692705143; 4)
(1692742611; 3)
(1692743713; 4)
(1692744815; 3)
(1692749223; 4)
(1692750325; 3)
(1692770161; 4)
(1692771263; 3)
(1692772365; 4)
(1692773467; 3)
(1692774569; 4)
(1692775671; 3)
(1692793303; 4)
(1692796609; 3)
(1692850607; 4)
(1692852811; 3)
(1692870443; 4)
(1692871545; 3)
(1692878157; 4)
(1692892483; 3)
(1692894687; 4)
(1692896891; 3)
(1692897993; 4)
(1692899095; 3)
(1692904605; 4)
(1692905707; 3)
(1692922237; 4)
(1693250633; 3)
(1693251735; 4)
(1693259449; 3)
(1693260551; 4)
(1693269367; 3)
(1693288101; 4)
(1693289203; 3)
(1693443483; 4)
(1693444585; 3)
(1693466625; 4)
(1693467727; 3)
(1693645149; 4)
(1693646251; 3)
(1693681515; 4)
(1693682617; 3)
(1693690331; 4)
(1693700249; 3)
(1693702453; 4)
(1693704657; 3)
(1693707963; 4)
(1693709065; 3)
(1693724493; 4)
(1693730003; 3)
(1693825877; 4)
(1693826979; 3)
(1693912935; 4)
(1693915139; 3)
(1693916241; 4)
(1694020931; 3)
(1694024237; 4)
(1694029747; 3)
(1694123417; 4)
(1694124519; 3)
(1694150967; 4)
(1694180721; 3)
(1694181823; 4)
(1694182925; 3)
(1694184027; 4)
(1694192843; 3)
(1694193945; 4)
(1694200557; 3)
(1694201659; 4)
(1694202761; 3)
(1694233617; 4)
(1694238025; 3)
(1694271085; 4)
(1694272187; 3)
(1694274391; 4)
(1694279901; 3)
(1694281003; 4)
(1694282105; 3)
(1694306349; 4)
(1694307451; 3)
(1694310757; 4)
(1694595073; 3)
(1694596175; 4)
(1694597277; 3)
(1694601685; 4)
(1694610501; 3)
(1694611603; 4)
(1694981875; 3)
(1694984079; 4)
(1702596100; 3)
(1702654665; 4)
(1702656875; 3)
(1702660190; 4)
(1702729805; 3)
(1702733120; 4)
(1702734225; 3)
(1702744170; 4)
(1702782845; 3)
(1702804945; 4)
(1702807155; 3)
(1702839200; 4)
(1702840305; 3)
(1702841410; 4)
(1706912927; 3)
(1706915139; 4)
(1706920669; 3)
(1711169533; 4)
(1711280333; 3)
(1711281441; 4)
(1711283657; 3)
(1711284765; 4)
(1711315789; 3)
(1711316897; 4)
(1717117709; 3)
(1717126581; 4)
(1717158742; 3)
(1717159851; 4)
(1717160960; 3)
(1717178704; 4)
(1717179813; 3)
(1717180922; 4)
(1717184249; 3)
(1717271860; 4)
(1717272969; 3)
(1717278518; 4)
(1717279628; 3)
(1717361768; 4)
(1717362878; 3)
(1717368428; 4)
(1717379528; 3)
(1717410608; 4)
(1717704758; 3)
(1717705868; 4)
(1717732508; 3)
(1717822418; 4)
(1717951178; 3)
(1717953398; 4)
(1717955618; 3)
(1717957838; 4)
(1717968938; 3)
(1717970048; 4)
(1717980038; 3)
(1720095698; 4)
(1720101248; 3)
(1720123448; 4)
(1720248878; 3)
(1720263308; 4)
(1720266638; 3)
(1720268858; 4)
(1720272188; 3)
(1720273298; 4)
(1721680848; 3)
(1721696402; 4)
(1721698624; 3)
(1721699735; 4)
(1721703068; 3)
(1721707512; 4)
(1721841943; 3)
(1721846387; 4)
(1721847498; 3)
(1722240792; 4)
(1722241903; 3)
(1722244125; 4)
(1723528495; 3)
(1723529607; 4)
(1723535167; 3)
(1723536279; 4)
(1723557407; 3)
(1733900380; 2)
(1733902610; 3)
(1733907070; 2)
(1733926025; 3)
(1733938290; 2)
(1733941635; 3)
(1734816910; 2)
(1734818025; 3)
(1734819140; 2)
(1735081165; 3)
(1735084510; 2)
(1735088970; 3)
(1735109040; 2)
(1735129110; 3)
(1735131340; 2)
(1735161445; 3)
(1735392250; 2)
(1735393365; 3)
(1735395595; 2)
(1735397825; 3)
(1735398940; 2)
(1735400055; 3)
(1735402285; 2)
(1735929716; 3)
(1735930832; 2)
(1735936412; 3)
(1735945340; 2)
(1735946456; 3)
(1735954268; 2)
(1735978820; 3)
(1735986632; 2)
(1735988864; 3)
(1735993328; 2)
(1736024576; 3)
(1736029040; 2)
(1736030156; 3)
(1736031272; 2)
(1736034620; 3)
(1736036852; 2)
(1736042432; 3)
(1736051360; 2)
(1736053592; 3)
(1736475440; 2)
(1736478788; 3)
(1736489948; 2)
(1736497760; 3)
(1736505572; 2)
(1736506688; 3)
(1736775644; 2)
(1736778992; 3)
(1736793500; 2)
(1736945276; 3)
(1737002192; 2)
(1737227624; 3)
(1737228740; 2)
(1737230972; 3)
(1737232088; 2)
(1737234320; 3)
(1737278960; 2)
(1737289004; 3)
(1737368240; 2)
(1737371588; 3)
(1737373820; 2)
(1737374936; 3)
(1737379400; 2)
(1737399488; 3)
(1737439664; 2)
(1737440780; 3)
(1738216400; 2)
(1741492974; 3)
(1741496325; 2)
(1742116260; 3)
(1742117377; 2)
(1742254891; 3)
(1742268307; 2)
(1743225315; 3)
(1743560715; 2)
(1743870401; 3)
(1743871519; 2)
(1743896115; 3)
(1747438791; 2)
(1747482432; 3)
(1747484670; 2)
(1747489146; 3)
(1747503693; 2)
(1747507050; 3)
(1747508169; 2)
(1747512645; 3)
(1747542858; 2)
(1747545096; 3)
(1747578666; 2)
(1747594332; 3)
(1749193012; 2)
(1749195252; 3)
(1749241172; 2)
(1749242292; 3)
(1749301652; 2)
(1749302772; 3)
(1749303892; 2)
(1749307252; 3)
(1749309492; 2)
(1749311732; 3)
(1749312852; 2)
(1749315092; 3)
(1751825321; 2)
(1751830926; 3)
(1751833168; 2)
(1751834289; 3)
(1751899307; 2)
(1751900428; 3)
(1751986745; 2)
(1751987866; 3)
(1752014770; 2)
(1752015891; 3)
(1752023738; 2)
(1752031585; 3)
(1752036069; 2)
(1752041674; 3)
(1752042795; 2)
(1752043916; 3)
(1752049521; 2)
(1752070820; 3)
(1752073062; 2)
(1752075304; 3)
(1752078667; 2)
(1752080909; 3)
(1752085393; 2)
(1752230002; 3)
(1752231123; 2)
(1752234486; 3)
(1752236728; 2)
(1752237849; 3)
(1752383579; 2)
(1752531551; 3)
(1752532672; 2)
(1752533793; 3)
(1752534914; 2)
(1752545003; 3)
(1752852157; 2)
(1752964257; 3)
(1753061784; 2)
(1753067389; 3)
(1753069631; 2)
(1753223208; 3)
(1753246749; 2)
(1753252354; 3)
(1753260201; 2)
(1753283742; 3)
(1753310646; 2)
(1753312888; 3)
(1753330824; 2)
(1753336429; 3)
(1772639523; 4)
(1772640650; 3)
(1772642904; 4)
(1772645158; 3)
(1772646285; 4)
(1772655301; 3)
(1772656428; 4)
(1772685730; 3)
(1772691365; 4)
(1772713905; 3)
(1772726302; 4)
(1772727429; 3)
(1772769128; 4)
(1772778144; 3)
(1772873939; 4)
(1772880701; 3)
(1772881828; 4)
(1772884082; 3)
(1772893098; 4)
(1772894225; 3)
(1772895352; 4)
(1772914511; 3)
(1772935924; 4)
(1772938178; 3)
(1772939305; 4)
(1772942686; 3)
(1772952829; 4)
(1772957337; 3)
(1772990020; 4)
(1772993401; 3)
(1772994528; 4)
(1772995655; 3)
(1773000163; 4)
(1773001290; 3)
(1773002417; 4)
(1773004671; 3)
(1773035100; 4)
(1773037354; 3)
(1773397994; 4)
(1773399121; 3)
(1773400248; 4)
(1773402502; 3)
(1773403629; 4)
(1773404756; 3)
(1773407010; 4)
(1773408137; 3)
(1773410391; 4)
(1773896549; 3)
(1773911213; 4)
(1773912341; 3)
(1773913469; 4)
(1773919109; 3)
(1774401893; 4)
(1774465061; 3)
(1774467317; 4)
(1774477469; 3)
(1774480853; 4)
(1774484237; 3)
(1774489877; 4)
(1774501157; 3)
(1774505669; 4)
(1774509053; 3)
(1774530485; 4)
(1774549661; 3)
(1774550789; 4)
(1774572221; 3)
(1774602677; 4)
(1774603805; 3)
(1774607189; 4)
(1774612829; 3)
(1774629749; 4)
(1774633133; 3)
(1774641029; 4)
(1774675997; 3)
(1774677125; 4)
(1774678253; 3)
(1774680509; 4)
(1774682765; 3)
(1774692917; 4)
(1774715477; 3)
(1774721117; 4)
(1774723373; 3)
(1774734653; 4)
(1774758341; 3)
(1774760597; 4)
(1774761725; 3)
(1774762853; 4)
(1774827149; 3)
(1774829405; 4)
(1774849709; 3)
(1774868885; 4)
(1774872269; 3)
(1774875653; 4)
(1774880165; 3)
(1774903853; 4)
(1774906109; 3)
(1774911749; 4)
(1774915133; 3)
(1774925285; 4)
(1774936565; 3)
(1774941077; 4)
(1774942205; 3)
(1774944461; 4)
(1774945589; 3)
(1774946717; 4)
(1774971533; 3)
(1774972661; 4)
(1774988453; 3)
(1774990709; 4)
(1774992965; 3)
(1774995221; 4)
(1775106893; 3)
(1775111405; 4)
(1775113661; 3)
(1775114789; 4)
(1775748725; 3)
(1775779181; 4)
(1776101789; 3)
(1776102917; 4)
(1776105173; 3)
(1776106301; 4)
(1776108557; 3)
(1776486437; 4)
(1776499973; 3)
(1776501101; 4)
(1776502229; 3)
(1776521405; 4)
(1776617330; 3)
(1776622975; 4)
(1776625233; 3)
(1777272150; 4)
(1777274408; 3)
(1777275537; 4)
(1777276666; 3)
(1777302633; 4)
(1777304891; 3)
(1777308278; 4)
(1777485531; 3)
(1777502466; 4)
(1778591951; 3)
(1778593080; 4)
(1778606628; 3)
(1778607757; 4)
(1778608886; 3)
(1778610015; 4)
(1778617918; 3)
(1778619047; 4)
(1778622434; 3)
(1778628079; 4)
(1778629208; 3)
(1778630337; 4)
(1778647272; 3)
(1778656304; 4)
(1778658562; 3)
(1789376659; 2)
(1789377792; 3)
(1789383457; 2)
(1789387989; 3)
(1789389122; 2)
(1789394787; 3)
(1789400452; 2)
(1789401585; 3)
(1789402718; 2)
(1789403851; 3)
(1789404984; 2)
(1789414048; 3)
(1789760746; 2)
(1789764145; 3)
(1789765278; 2)
(1789770943; 3)
(1789772076; 2)
(1789778874; 3)
(1789799268; 2)
(1789809465; 3)
(1789811731; 2)
(1789897839; 3)
(1789901238; 2)
(1789917100; 3)
(1790228675; 2)
(1790247936; 3)
(1790250202; 2)
(1790267197; 3)
(1790269463; 2)
(1791027440; 3)
(1791160001; 2)
(1791161134; 3)
(1791163400; 2)
(1791179262; 3)
(1791180395; 2)
(1791189459; 3)
(1791197390; 2)
(1791198523; 3)
(1791201922; 2)
(1791203055; 3)
(1791204188; 2)
(1791207587; 3)
(1791209853; 2)
(1791210986; 3)
(1791212119; 2)
(1791213252; 3)
(1791214385; 2)
(1794071074; 3)
(1794074476; 2)
(1794122104; 3)
(1794127774; 2)
(1794130042; 3)
(1794139114; 2)
(1794141382; 3)
(1794177670; 2)
(1794178804; 3)
(1794278596; 2)
(1794283132; 3)
(1794286534; 2)
(1794289936; 3)
(1794293338; 2)
(1794294472; 3)
(1794295606; 2)
(1794303544; 3)
(1794305812; 2)
(1794311482; 3)
(1794317152; 2)
(1794368182; 3)
(1794370450; 2)
(1794374986; 3)
(1794376120; 2)
(1794427150; 3)
(1794428284; 2)
(1794452098; 3)
(1794460036; 2)
(1794461170; 3)
(1794499726; 2)
(1794505396; 3)
(1800896533; 2)
(1800897669; 3)
(1800898805; 2)
(1800899941; 3)
(1800907893; 2)
(1800909029; 3)
(1800916981; 2)
(1800931749; 3)
(1801031717; 2)
(1801056709; 3)
(1801076021; 2)
(1801083973; 3)
(1801085109; 2)
(1801087381; 3)
(1801149861; 2)
(1801160085; 3)
(1801161221; 2)
(1801165765; 3)
(1801168037; 2)
(1801171445; 3)
(1801349797; 2)
(1801352069; 3)
(1801353205; 2)
(1801354341; 3)
(1801355477; 2)
(1801360021; 3)
(1801362293; 2)
(1801365701; 3)
(1801367973; 2)
(1801369109; 3)
(1801371381; 2)
(1801434997; 3)
(1801562229; 2)
(1801570181; 3)
(1801573589; 2)
(1801588357; 3)
(1801589493; 2)
(1801624709; 3)
(1808880334; 2)
(1809392884; 3)
(1809405413; 2)
(1809406552; 3)
(1809409969; 2)
(1809413386; 3)
(1809414525; 2)
(1809416803; 3)
(1809428193; 2)
(1809437305; 3)
(1809450973; 2)
(1809452112; 3)
(1809458946; 2)
(1809512479; 3)
(1809555761; 2)
(1809576263; 3)
(1820532124; 4)
(1820560674; 3)
(1820605212; 4)
(1820681726; 3)
(1821387909; 4)
(1821389052; 3)
(1823699055; 4)
(1823700198; 3)
(1823701341; 4)
(1823702484; 3)
(1823703627; 4)
(1823721915; 3)
(1823726487; 4)
(1823728773; 3)
(1823732202; 4)
(1823752776; 3)
(1823753919; 4)
(1824343931; 3)
(1824460619; 4)
(1824469771; 3)
(1824470915; 4)
(1824560147; 3)
(1824571587; 4)
(1824572731; 3)
(1824578451; 4)
(1824579595; 3)
(1824583027; 4)
(1836193585; 5)
(1836195879; 4)
(1836327784; 5)
(1836358753; 4)
(1836359900; 5)
(1836410368; 4)
(1836413809; 5)
(1836416103; 4)
(1836417250; 5)
(1836564066; 4)
(1836565213; 5)
(1836570948; 4)
(1836601917; 5)
(1836665002; 4)
(1836673031; 5)
(1844474960; 6)
(1847663790; 5)
(1847780041; 6)
(1848276122; 5)
(1848278424; 6)
(1848279575; 5)
(1848281877; 6)
(1848283028; 5)
(1852271183; 6)
(1852275791; 5)
(1852281551; 6)
(1852298831; 5)
(1852301135; 6)
(1852305743; 5)
(1852308047; 6)
(1852311503; 5)
(1852389839; 6)
(1852390991; 5)
(1852393295; 6)
(1852394447; 5)
(1852395599; 6)
(1852402511; 5)
(1852433615; 6)
(1852439375; 5)
(1852480847; 6)
(1852486607; 5)
(1852493519; 6)
(1852506191; 5)
(1852507343; 6)
(1852514255; 5)
(1852515407; 6)
(1852516559; 5)
(1852517711; 6)
(1852518863; 5)
(1852525775; 6)
(1852532687; 5)
(1852682447; 6)
(1852687055; 5)
(1852688207; 6)
(1853691132; 5)
(1853694591; 6)
(1853702662; 5)
(1853703815; 6)
(1853706121; 5)
(1853723416; 6)
(1853724569; 5)
(1853734946; 6)
(1853737252; 5)
(1853741864; 6)
(1853748782; 5)
(1853749935; 6)
(1853761465; 5)
(1853763771; 6)
(1853898672; 5)
(1853900978; 6)
(1853902131; 5)
(1853907896; 6)
(1853910202; 5)
(1853912508; 6)
(1853914814; 5)
(1853939027; 6)
(1853962087; 5)
(1853965546; 6)
(1853983994; 5)
(1856815214; 6)
(1856817522; 5)
(1856829062; 6)
(1856838294; 5)
(1856840602; 6)
(1856846372; 5)
(1856849834; 6)
(1856852142; 5)
(1856855604; 6)
(1856856758; 5)
(1856863682; 6)
(1856868298; 5)
(1856872914; 6)
(1856877530; 5)
(1856878684; 6)
(1856879838; 5)
(1856894840; 6)
(1856983698; 5)
(1856986006; 6)
(1857236424; 5)
(1857239886; 6)
(1857245656; 5)
(1857311434; 6)
(1858684694; 5)
(1858685848; 6)
(1858687002; 5)
(1860341555; 6)
(1860346175; 5)
(1860351950; 6)
(1860354260; 5)
(1860358880; 6)
(1860364655; 5)
(1860366965; 6)
(1860370430; 5)
(1867669155; 6)
(1867706179; 5)
(1867735104; 6)
(1867737418; 5)
(1867740889; 6)
(1867742046; 5)
(1867743203; 6)
(1867761715; 5)
(1867762872; 6)
(1867767500; 5)
(1867795268; 6)
(1867796425; 5)
(1867797582; 6)
(1867798739; 5)
(1867799896; 6)
(1867929480; 5)
(1867935265; 6)
(1867936422; 5)
(1867938736; 6)
(1867946835; 5)
(1867949149; 6)
(1868529963; 5)
(1868540376; 6)
(1868541533; 5)
(1868542690; 6)
(1868576243; 5)
(1868577400; 6)
(1868578557; 5)
(1868591284; 6)
(1868607482; 5)
(1868609796; 6)
(1868630622; 5)
(1868635250; 6)
(1868636407; 5)
(1868642192; 6)
(1868647977; 5)
(1868960367; 6)
(1868961524; 5)
(1868971937; 6)
(1868973094; 5)
(1868974251; 6)
(1869015911; 5)
(1869019385; 6)
(1869029807; 5)
(1869046019; 6)
(1869049493; 5)
(1869052967; 6)
(1869061073; 5)
(1869066863; 6)
(1869108551; 5)
(1869110867; 6)
(1869117815; 5)
(1869118973; 6)
(1869203507; 5)
(1869285725; 6)
(1869387629; 5)
(1869406157; 6)
(1869409631; 5)
(1869410789; 6)
(1869444371; 5)
(1869535853; 6)
(1869540485; 5)
(1869546275; 6)
(1869552065; 5)
(1869577541; 6)
(1869584489; 5)
(1869589121; 6)
(1869591437; 5)
(1869832301; 6)
(1869834617; 5)
(1870524785; 6)
(1870528259; 5)
(1870530575; 6)
(1870539839; 5)
(1870542155; 6)
(1870547945; 5)
(1870560683; 6)
(1870585001; 5)
(1870590791; 6)
(1870603529; 5)
(1870607003; 6)
(1870608161; 5)
(1870612793; 6)
(1870615109; 5)
(1870616267; 6)
(1870623215; 5)
(1870625531; 6)
(1870632479; 5)
(1870633637; 6)
(1870635953; 5)
(1870637111; 6)
(1870647533; 5)
(1870648691; 6)
(1870783019; 5)
(1870784177; 6)
(1870806179; 5)
(1870807337; 6)
(1870811969; 5)
(1870818917; 6)
(1870820075; 5)
(1871380547; 6)
(1871384021; 5)
(1871393285; 6)
(1871400233; 5)
(1871551931; 6)
(1872079979; 5)
(1872095033; 6)
(1872096191; 5)
(1872111245; 6)
(1872112403; 5)
(1872115877; 6)
(1872118193; 5)
(1872137879; 6)
(1872143669; 5)
(1879599133; 4)
(1879604938; 5)
(1879608421; 4)
(1879625836; 5)
(1879632802; 4)
(1879633963; 5)
(1879636285; 4)
(1879653700; 5)
(1879657183; 4)
(1879658344; 5)
(1879669954; 4)
(1879703623; 5)
(1879704784; 4)
(1879708267; 5)
(1879717555; 4)
(1879728004; 5)
(1879729165; 4)
(1879730326; 5)
(1879732648; 4)
(1879916086; 5)
(1879917247; 4)
(1879932340; 5)
(1880823988; 4)
(1880825149; 5)
(1880826310; 4)
(1880827471; 5)
(1880829793; 4)
(1880833276; 5)
(1880842564; 4)
(1880843725; 5)
(1880847208; 4)
(1881002782; 5)
(1881003943; 4)
(1881009748; 5)
(1887598402; 6)
(1887603054; 5)
(1887617010; 6)
(1887618173; 5)
(1887619336; 6)
(1887627477; 5)
(1887629803; 6)
(1887633292; 5)
(1887634455; 6)
(1887636781; 5)
(1887680975; 6)
(1887682138; 5)
(1887683301; 6)
(1887713539; 5)
(1887734473; 6)
(1887996148; 5)
(1888005452; 6)
(1889406548; 5)
(1889417024; 6)
(1889420516; 5)
(1889430992; 6)
(1889446124; 5)
(1889447288; 6)
(1889464748; 5)
(1889467076; 6)
(1890463460; 5)
(1890465788; 6)
(1897100133; 7)
(1897121121; 6)
(1897285527; 7)
(1897313511; 6)
(1897321673; 7)
(1897325171; 6)
(1897327503; 7)
(1897665643; 6)
(1897666809; 7)
(1897667975; 6)
(1897671473; 7)
(1897676137; 6)
(1897884851; 7)
(1897888349; 6)
(1897889515; 7)
(1897896511; 6)
(1897898843; 7)
(1899884843; 6)
(1899907016; 7)
(1899910517; 6)
(1899960698; 7)
(1899967700; 6)
(1899982871; 7)
(1899984038; 6)
(1899985205; 7)
(1900125245; 6)
(1900603715; 7)
(1900736753; 6)
(1900757759; 7)
(1900764761; 6)
(1900774097; 7)
(1900777598; 6)
(1900779932; 7)
(1900790435; 6)
(1900816109; 7)
(1900818443; 6)
(1900819610; 7)
(1900824278; 6)
(1900896632; 7)
(1900918805; 6)
(1900921139; 7)
(1900922306; 6)
(1901010998; 7)
(1901014499; 6)
(1901018000; 7)
(1901047175; 6)
(1901049509; 7)
(1901064680; 6)
(1901074016; 7)
(1901137034; 6)
(1901159207; 7)
(1901170877; 6)
(1901173211; 7)
(1901174378; 6)
(1901175545; 7)
(1901177879; 6)
(1901420615; 7)
(1901457987; 6)
(1901468499; 7)
(1901472003; 6)
(1901474339; 7)
(1901495363; 6)
(1901500035; 7)
(1901501203; 6)
(1901502371; 7)
(1903937651; 6)
(1903939987; 7)
(1903949331; 6)
(1903950499; 7)
(1903951667; 6)
(1903952835; 7)
(1903961011; 6)
(1903963347; 7)
(1903965683; 6)
(1903973859; 7)
(1903975027; 6)
(1934274746; 7)
(1934278280; 6)
(1934280636; 7)
(1934282992; 6)
(1934347782; 7)
(1934348960; 6)
(1934406682; 7)
(1934407860; 6)
(1934409038; 7)
(1935256020; 6)
(1935259554; 7)
(1935270156; 6)
(1935565834; 7)
(1935640048; 6)
(1935667142; 7)
(1935673032; 6)
(1935683634; 7)
(1935704838; 6)
(1935746068; 7)
(1935749602; 6)
(1935751958; 7)
(1935784942; 6)
(1935787298; 7)
(1935829706; 6)
(1935830884; 7)
(1935834418; 6)
(1935837952; 7)
(1935840308; 6)
(1935906276; 7)
(1935915700; 6)
(1935920412; 7)
(1935923946; 6)
(1935956930; 7)
(1935958108; 6)
(1935986380; 7)
(1936011118; 6)
(1936012296; 7)
(1936013474; 6)
(1936052348; 7)
(1936053526; 6)
(1936058238; 7)
(1936065306; 6)
(1936153656; 7)
(1936154834; 6)
(1937508440; 7)
(1937530841; 6)
(1937537915; 7)
(1937542631; 6)
(1937559137; 7)
(1937565032; 6)
(1937566211; 7)
(1937567390; 6)
(1937569748; 7)
(1937570927; 6)
(1937573285; 7)
(1937596865; 6)
(1937611013; 7)
(1937613371; 6)
(1937629877; 7)
(1937633414; 6)
(1937957639; 7)
(1937961176; 6)
(1938011873; 7)
(1938013052; 6)
(1938241778; 7)
(1938562466; 6)
(1938566003; 7)
(1938824204; 6)
(1938826562; 7)
(1938827741; 6)
(1938854858; 7)
(1938856037; 6)
(1938857216; 7)
(1938858395; 6)
(1938869006; 7)
(1938874901; 6)
(1938877259; 7)
(1938920882; 6)
(1938922061; 7)
(1938924419; 6)
(1938927956; 7)
(1938931493; 6)
(1938932672; 7)
(1938933851; 6)
(1938952715; 7)
(1938969221; 6)
(1938971579; 7)
(1938976295; 6)
(1938977474; 7)
(1938997517; 6)
(1938998696; 7)
(1939009307; 6)
(1939010486; 7)
(1939016381; 6)
(1939019918; 7)
(1939983161; 6)
(1940046827; 7)
(1940053901; 6)
(1940055080; 7)
(1940056259; 6)
(1940064512; 7)
(1940065691; 6)
(1940068049; 7)
(1940071586; 6)
(1940096345; 7)
(1940098703; 6)
(1940099882; 7)
(1940276732; 6)
(1940277911; 7)
(1940280269; 6)
(1940286164; 7)
(1940306207; 6)
(1940381663; 7)
(1940404064; 6)
(1940407601; 7)
(1940409959; 6)
(1940412317; 7)
(1940457119; 6)
(1940464193; 7)
(1940466551; 6)
(1940467730; 7)
(1940470088; 6)
(1940472446; 7)
(1940473625; 6)
(1940474804; 7)
(1940475983; 6)
(1940484236; 7)
(1940488952; 6)
(1940493668; 7)
(1940494847; 6)
(1940637506; 7)
(1940649296; 6)
(1940652833; 7)
(1940656370; 6)
(1940658728; 7)
(1941247516; 6)
(1941248696; 7)
(1941249876; 6)
(1941252236; 7)
(1941272296; 6)
(1941285276; 7)
(1941292356; 6)
(1941307696; 7)
(1941354896; 6)
(1941364336; 7)
(1941365516; 6)
(1941366696; 7)
(1941367876; 6)
(1941370236; 7)
(1941372596; 6)
(1941374956; 7)
(1941376136; 6)
(1941378496; 7)
(1941384396; 6)
(1941400916; 7)
(1941405636; 6)
(1941406816; 7)
(1941575556; 6)
(1942006256; 7)
(1942278836; 6)
(1942302436; 7)
(1942303616; 6)
(1942334296; 7)
(1942341376; 6)
(1942344916; 7)
(1942346096; 6)
(1942359076; 7)
(1942377956; 6)
(1942389756; 7)
(1942390936; 6)
(1942392116; 7)
(1942398016; 6)
(1942422796; 7)
(1943034036; 6)
(1943379776; 7)
(1943382136; 6)
(1943644096; 7)
(1943645276; 6)
(1944115024; 7)
(1944116205; 6)
(1944142187; 7)
(1944144549; 6)
(1944146911; 7)
(1944149273; 6)
(1944150454; 7)
(1944169350; 6)
(1944171712; 7)
(1944172893; 6)
(1944188246; 7)
(1944189427; 6)
(1944220133; 7)
(1944253201; 6)
(1944254382; 7)
(1944255563; 6)
(1944345319; 7)
(1944585062; 6)
(1944587424; 7)
(1944595691; 6)
(1944603958; 7)
(1944607501; 6)
(1944608682; 7)
(1944611044; 6)
(1944663008; 7)
(1944665370; 6)
(1944687809; 7)
(1944696076; 6)
(1944699619; 7)
(1944700800; 6)
(1944701981; 7)
(1944704343; 6)
(1945760157; 7)
(1945763700; 6)
(1945766062; 7)
(1945770786; 6)
(1945771967; 7)
(1946214842; 6)
(1946216023; 7)
(1946217204; 6)
(1955402264; 5)
(1955412920; 6)
(1955414104; 5)
(1955420024; 6)
(1955421208; 5)
(1955430680; 6)
(1955433048; 5)
(1955453176; 6)
(1955454360; 5)
(1955457912; 6)
(1955461464; 5)
(1955462648; 6)
(1955463832; 5)
(1955465016; 6)
(1955467384; 5)
(1955486328; 6)
(1955487512; 5)
(1955488696; 6)
(1957313354; 5)
(1957315724; 6)
(1957403414; 5)
(1957404599; 6)
(1957406969; 5)
(1957417634; 6)
(1957438964; 5)
(1957460294; 6)
(1957461479; 5)
(1957505324; 6)
(1957507694; 5)
(1957936664; 6)
(1958014874; 5)
(1958294534; 6)
(1958339564; 5)
(1959191579; 6)
(1959192764; 5)
(1959193949; 6)
(1959195134; 5)
(1959198689; 6)
(1959199874; 5)
(1959208169; 6)
(1959225944; 5)
(1959242534; 6)
(1959253199; 5)
(1959254384; 6)
(1959255569; 5)
(1959279269; 6)
(1959280454; 5)
(1959282824; 6)
(1959284009; 5)
(1959285194; 6)
(1959453464; 5)
(1959467684; 6)
(1959473609; 5)
(1959474794; 6)
(1959502049; 5)
(1959503234; 6)
(1959504419; 5)
(1959506789; 6)
(1959510344; 5)
(1959511529; 6)
(1959512714; 5)
(1959518639; 6)
(1959526934; 5)
(1959528119; 6)
(1959539969; 5)
(1959595664; 6)
(1959596849; 5)
(1961864919; 6)
(1961866105; 5)
(1961874407; 6)
(1961875593; 5)
(1961881523; 6)
(1961882709; 5)
(1961913545; 6)
(1961923033; 5)
(1961936079; 6)
(1961938451; 5)
(1961951497; 6)
(1961987077; 5)
(1962008425; 6)
(1962038075; 5)
(1962048749; 6)
(1962049935; 5)
(1962053493; 6)
(1962059423; 5)
(1962176837; 6)
(1962183953; 5)
(1962187511; 6)
(1962188697; 5)
(1962238509; 6)
(1962239695; 5)
(1962244439; 6)
(1962245625; 5)
(1962268159; 6)
(1962294251; 5)
(1962295437; 6)
(1962300181; 5)
(1963022455; 6)
(1963023641; 5)
(1963024827; 6)
(1963026013; 5)
(1963034315; 6)
(1963035501; 5)
(1963036687; 6)
(1963037873; 5)
(1963058035; 6)
(1963328443; 5)
(1963329629; 6)
(1963364023; 5)
(1963401975; 6)
(1963430439; 5)
(1963451787; 6)
(1963452973; 5)
(1963461275; 6)
(1963464833; 5)
(1963467205; 6)
(1963498041; 5)
(1963500413; 6)
(1963531249; 5)
(1963532435; 6)
(1964841479; 5)
(1964845040; 6)
(1964848601; 5)
(1965518069; 6)
(1965524004; 5)
(1965525191; 6)
(1965526378; 5)
(1965527565; 6)
(1968543760; 7)
(1968547324; 6)
(1968548512; 7)
(1968550888; 6)
(1968552076; 7)
(1968561580; 6)
(1968563956; 7)
(1968567520; 6)
(1968573460; 7)
(1968574648; 6)
(1968578212; 7)
(1968579400; 6)
(1968582964; 7)
(1968587716; 6)
(1968588904; 7)
(1968597220; 6)
(1968598408; 7)
(1968661372; 6)
(1968662560; 7)
(1968664936; 6)
(1968668500; 7)
(1968674440; 6)
(1968679192; 7)
(1968680380; 6)
(1968692260; 7)
(1968693448; 6)
(1968694636; 7)
(1968695824; 6)
(1968935800; 7)
(1968950056; 6)
(1968951244; 7)
(1968989260; 6)
(1968990448; 7)
(1969032028; 6)
(1969033216; 7)
(1969037968; 6)
(1969040344; 7)
(1969068856; 6)
(1969079548; 7)
(1969085488; 6)
(1969093804; 7)
(1969094992; 6)
(1969097368; 7)
(1969098556; 6)
(1969148452; 7)
(1969150828; 6)
(1969156768; 7)
(1969160332; 6)
(1969175776; 7)
(1969176964; 6)
(1969178152; 7)
(1969179340; 6)
(1969180528; 7)
(1969184092; 6)
(1969194784; 7)
(1969197160; 6)
(1969199536; 7)
(1971708493; 6)
(1971709682; 7)
(1971728706; 6)
(1971729895; 7)
(1971731084; 6)
(1971732273; 7)
(1971734651; 6)
(1971735840; 7)
(1971737029; 6)
(1971738218; 7)
(1971739407; 6)
(1971745352; 7)
(1971747730; 6)
(1971750108; 7)
(1971751297; 6)
(1971752486; 7)
(1971757242; 6)
(1971759620; 7)
(1971763187; 6)
(1971766754; 7)
(1971767943; 6)
(1971771510; 7)
(1971773888; 6)
(1971777455; 7)
(1971778644; 6)
(1971779833; 7)
(1971803613; 6)
(1971804802; 7)
(1971811936; 6)
(1971902300; 7)
(1971904678; 6)
(1971905867; 7)
(1971907056; 6)
(1971915379; 7)
(1971916568; 6)
(1971918946; 7)
(1971936781; 6)
(1971937970; 7)
(1971945104; 6)
(1972494422; 7)
(1972538415; 6)
(1973732173; 7)
(1973733363; 6)
(1973757163; 7)
(1973759543; 6)
(1973777393; 7)
(1973778583; 6)
(1974698453; 7)
(1975088773; 6)
(1975089963; 7)
(1975091153; 6)
(1975345813; 7)
(1975347003; 6)
(1975357713; 7)
(1976448943; 6)
(1976462033; 7)
(1976482263; 6)
(1976485833; 7)
(1976488213; 6)
(1976506063; 7)
(1976508443; 6)
(1976512013; 7)
(1976514393; 6)
(1976525103; 7)
(1976527483; 6)
(1976528673; 7)
(1976557233; 6)
(1978376669; 7)
(1978377860; 6)
(1979004326; 7)
(1979012663; 6)
(1979015045; 7)
(1979017427; 6)
(1979018618; 7)
(1979023382; 6)
(1979404502; 7)
(1979416412; 6)
(1979431895; 7)
(1979720117; 6)
(1979767757; 7)
(1979768948; 6)
(1979879711; 7)
(1979896385; 6)
(1979899958; 7)
(1979901149; 6)
(1979911868; 7)
(1980008339; 6)
(1980013103; 7)
(1980053597; 6)
(1980055979; 7)
(1980078608; 6)
(1980079799; 7)
(1980080990; 6)
(1980100046; 7)
(1980101237; 6)
(1980108383; 7)
(1980633836; 6)
(1980635028; 7)
(1994138381; 8)
(1994299841; 7)
(1994301037; 8)
(1994312997; 7)
(1994316585; 8)
(1994815317; 7)
(1994816513; 8)
(1994863157; 7)
(1994866745; 8)
(1994870333; 7)
(1994872725; 8)
(1994873921; 7)
(1994894253; 8)
(1994955249; 7)
(1994956445; 8)
(1994997109; 7)
(1995010265; 8)
(1995011461; 7)
(1995013853; 8)
(1995115513; 7)
(1995117905; 8)
(1995123885; 7)
(1995126277; 8)
(1995135845; 7)
(1995137041; 8)
(1995139433; 7)
(1995152589; 8)
(1995199233; 7)
(1995201625; 8)
(1995218369; 7)
(1995239897; 8)
(1995250661; 7)
(1995254249; 8)
(1995257837; 7)
(1995259033; 8)
(1995265013; 7)
(1995266209; 8)
(1995274581; 7)
(1995275777; 8)
(1995281757; 7)
