(54000000001; 5)
(54022607632; 6)
(54027039832; 5)
(54072221800; 6)
(54072228028; 5)
(54072234256; 6)
(54072252940; 5)
(54072259168; 6)
(54072315220; 5)
(54072321448; 6)
(54072352588; 5)
(54072676444; 6)
(54072682672; 5)
(54072688900; 6)
(54072701356; 5)
(54072707584; 6)
(54074569756; 5)
(54074600896; 6)
(54074607124; 5)
(54075155188; 6)
(54075161416; 5)
(54075217468; 6)
(54075304660; 5)
(54075335800; 6)
(54075342028; 5)
(54075497728; 6)
(54075566236; 5)
(54075603604; 6)
(54075609832; 5)
(54075616060; 6)
(54075622288; 5)
(54075659656; 6)
(54075709480; 5)
(54077266480; 6)
(54077285164; 5)
(54077789632; 6)
(54077795860; 5)
(54077808316; 6)
(54077827000; 5)
(54079097512; 6)
(54090104139; 5)
(54090110368; 6)
(54090116597; 5)
(54090129055; 6)
(54090135284; 5)
(54090153971; 6)
(54090160200; 5)
(54090652291; 6)
(54090689665; 5)
(54090695894; 6)
(54090739497; 5)
(54090745726; 6)
(54090758184; 5)
(54090764413; 6)
(54090776871; 5)
(54090808016; 6)
(54090820474; 5)
(54090845390; 6)
(54090851619; 5)
(54090870306; 6)
(54091337481; 5)
(54091406000; 6)
(54091443374; 5)
(54091455832; 6)
(54092178396; 5)
(54092296747; 6)
(54092626884; 5)
(54092801296; 6)
(54092876044; 5)
(54092882273; 6)
(54104924272; 5)
(54104936732; 6)
(54104942962; 5)
(54104986572; 6)
(54104999032; 5)
(54105005262; 6)
(54105017722; 5)
(54105048872; 6)
(54105086252; 5)
(54105098712; 6)
(54105104942; 5)
(54105123632; 6)
(54105142322; 5)
(54105167242; 6)
(54105248232; 5)
(54105304302; 6)
(54105310532; 5)
(54105360372; 6)
(54105372832; 5)
(54105659412; 6)
(54105821392; 5)
(54105840082; 6)
(54105858772; 5)
(54105877462; 6)
(54105945992; 5)
(54106008292; 6)
(54106026982; 5)
(54107135922; 6)
(54107185762; 5)
(54107316592; 6)
(54107459882; 5)
(54107839912; 6)
(54107871062; 5)
(54107927132; 6)
(54108805562; 5)
(54108911472; 6)
(54108917702; 5)
(54108923932; 6)
(54108967542; 5)
(54108986232; 6)
(54109023612; 5)
(54109858432; 6)
(54109864662; 5)
(54109895812; 6)
(54111926792; 5)
(54111939252; 6)
(54111945482; 5)
(54111989092; 6)
(54112169762; 5)
(54112175992; 6)
(54112182222; 5)
(54116026469; 6)
(54116051393; 5)
(54116138627; 6)
(54116151089; 5)
(54116176013; 6)
(54134651466; 5)
(54134720018; 6)
(54134726250; 5)
(54134732482; 6)
(54134738714; 5)
(54134801034; 6)
(54134850890; 5)
(54134857122; 6)
(54134869586; 5)
(54134906978; 6)
(54134913210; 5)
(54134931906; 6)
(54135044082; 5)
(54135112634; 6)
(54135125098; 5)
(54135324522; 6)
(54135336986; 5)
(54135343218; 6)
(54135411770; 5)
(54135418002; 6)
(54135430466; 5)
(54159070110; 6)
(54159948963; 5)
(54159961429; 6)
(54159967662; 5)
(54159998827; 6)
(54160210749; 5)
(54160216982; 6)
(54160241914; 5)
(54160285545; 6)
(54160304244; 5)
(54160516166; 6)
(54160528632; 5)
(54160541098; 6)
(54161120767; 5)
(54161127000; 6)
(54161164398; 5)
(54161176864; 6)
(54240205490; 5)
(54240217966; 6)
(54240224204; 5)
(54240242918; 6)
(54240255394; 5)
(54240305298; 6)
(54240654626; 5)
(54240673340; 6)
(54240679578; 5)
(54240735720; 6)
(54240741958; 5)
(54240748196; 6)
(54240848004; 5)
(54240854242; 6)
(54240916622; 5)
(54240935336; 6)
(54240979002; 5)
(54242987638; 6)
(54243000114; 5)
(54243050018; 6)
(54243093684; 5)
(54243149826; 6)
(54243156064; 5)
(54243162302; 6)
(54243168540; 5)
(54243486678; 6)
(54243492916; 5)
(54243499154; 6)
(54243630152; 5)
(54243642628; 6)
(54243648866; 5)
(54243686294; 6)
(54243729960; 5)
(54243761150; 6)
(54243779864; 5)
(54243798578; 6)
(54243811054; 5)
(54243842244; 6)
(54243848482; 5)
(54243854720; 6)
(54244821610; 5)
(54244859038; 6)
(54244871514; 5)
(54245289460; 6)
(54245295698; 5)
(54245301936; 6)
(54245476600; 5)
(54245489076; 6)
(54245501552; 5)
(54245900784; 6)
(54245919498; 5)
(54245956926; 6)
(54245981878; 5)
(54246487156; 6)
(54246499632; 5)
(54246512108; 6)
(54246555774; 5)
(54246562012; 6)
(54246568250; 5)
(54246636868; 6)
(54246805294; 5)
(54246855198; 6)
(54246861436; 5)
(54246873912; 6)
(54246880150; 5)
(54246992434; 6)
(54247316810; 5)
(54259026506; 6)
(54259038984; 5)
(54259045223; 6)
(54259082657; 5)
(54259101374; 6)
(54259145047; 5)
(54259151286; 6)
(54259157525; 5)
(54259170003; 6)
(54260024746; 5)
(54260030985; 6)
(54260062180; 5)
(54260080897; 6)
(54260330457; 5)
(54260355413; 6)
(54260361652; 5)
(54260367891; 6)
(54260374130; 5)
(54260392847; 6)
(54260399086; 5)
(54260417803; 6)
(54260480193; 5)
(54260511388; 6)
(54260555061; 5)
(54260561300; 6)
(54260598734; 5)
(54260604973; 6)
(54260623690; 5)
(54260636168; 6)
(54260642407; 5)
(54260648646; 6)
(54260654885; 5)
(54260661124; 6)
(54266170161; 5)
(54266176400; 6)
(54266363570; 5)
(54266750388; 6)
(54267349332; 5)
(54303830464; 6)
(54303842946; 5)
(54303880392; 6)
(54303892874; 5)
(54303905356; 6)
(54303911597; 5)
(54303917838; 6)
(54305777755; 5)
(54305796481; 6)
(54307450611; 5)
(54307463095; 6)
(54307475579; 5)
(54307525515; 6)
(54307537999; 5)
(54307556725; 6)
(54307562967; 5)
(54308249587; 6)
(54308424363; 5)
(54309791361; 6)
(54309860023; 5)
(54309878749; 6)
(54310034799; 5)
(54310440529; 6)
(54310446771; 5)
(54310627789; 6)
(54310665241; 5)
(54310696451; 6)
(54310721419; 5)
(54310727661; 6)
(54314454135; 5)
(54314466619; 6)
(54315384193; 5)
(54315390435; 6)
(54315889795; 5)
(54315952215; 6)
(54315958457; 5)
(54315964699; 6)
(54315977183; 5)
(54316002151; 6)
(54316233105; 5)
(54316445333; 6)
(54316513995; 5)
(54316532721; 6)
(54316538963; 5)
(54316545205; 6)
(54316551447; 5)
(54316557689; 6)
(54316588899; 5)
(54316607625; 6)
(54317743669; 5)
(54317749911; 6)
(54317781121; 5)
(54317793605; 6)
(54317806089; 5)
(54317918445; 6)
(54317930929; 5)
(54317943413; 6)
(54317993349; 5)
(54318012075; 6)
(54318018317; 5)
(54318024559; 6)
(54318030801; 5)
(54318049527; 6)
(54318086979; 5)
(54318648759; 6)
(54318817293; 5)
(54318842261; 6)
(54318854745; 5)
(54318860987; 6)
(54318929649; 5)
(54318979585; 6)
(54318992069; 5)
(54319310411; 6)
(54319453977; 5)
(54319522639; 6)
(54319541365; 5)
(54319547607; 6)
(54319553849; 5)
(54320546327; 6)
(54320552569; 5)
(54320571295; 6)
(54320577537; 5)
(54320583779; 6)
(54320596263; 5)
(54320908363; 6)
(54320914605; 5)
(54321070655; 6)
(54321108107; 5)
(54321189253; 6)
(54321195495; 5)
(54321201737; 6)
(54321207979; 5)
(54321239189; 6)
(54321245431; 5)
(54321251673; 6)
(54321257915; 5)
(54321270399; 6)
(54324928590; 5)
(54324934833; 6)
(54324984777; 5)
(54324991020; 6)
(54325028478; 5)
(54325040964; 6)
(54327107397; 5)
(54327113640; 6)
(54327119883; 5)
(54327176070; 6)
(54327182313; 5)
(54338744349; 6)
(54338763078; 5)
(54338788050; 6)
(54338800536; 5)
(54338813022; 6)
(54338825508; 5)
(54339137658; 6)
(54339150144; 5)
(54454321938; 6)
(54454334438; 5)
(54454340688; 6)
(54454353188; 5)
(54454390688; 6)
(54454809438; 5)
(54454821938; 6)
(54454859438; 5)
(54454871938; 6)
(54454884438; 5)
(54454890688; 6)
(54454915688; 5)
(54454934438; 6)
(54454953188; 5)
(54454965688; 6)
(54454978188; 5)
(54454984438; 6)
(54455028188; 5)
(54455034438; 6)
(54455046938; 5)
(54455065688; 6)
(54455078188; 5)
(54455084438; 6)
(54455140688; 5)
(54455146938; 6)
(54455165688; 5)
(54455171938; 6)
(54455178188; 5)
(54455228188; 6)
(54455240688; 5)
(54455334438; 6)
(54455346938; 5)
(54455359438; 6)
(54455384438; 5)
(54455390688; 6)
(54455396938; 5)
(54471054657; 6)
(54471060908; 5)
(54471129669; 6)
(54471135920; 5)
(54471148422; 6)
(54471154673; 5)
(54471160924; 6)
(54471173426; 5)
(54471348454; 6)
(54472848694; 5)
(54472854945; 6)
(54477530693; 5)
(54477543195; 6)
(54477624458; 5)
(54477643211; 6)
(54477649462; 5)
(54477668215; 6)
(54477674466; 5)
(54477962012; 6)
(54477974514; 5)
(54477980765; 6)
(54478018271; 5)
(54478030773; 6)
(54481975582; 5)
(54482325694; 6)
(54483307258; 5)
(54483313510; 6)
(54483332266; 5)
(54483344770; 6)
(54483351022; 5)
(54647958317; 6)
(54648008405; 5)
(54648014666; 6)
(54648020927; 5)
(54648027188; 6)
(54648058493; 5)
(54648734681; 6)
(54648753464; 5)
(54648759725; 6)
(54648765986; 5)
(54652071794; 6)
(54652078055; 5)
(54652084316; 6)
(54652103099; 5)
(54652153187; 6)
(54652159448; 5)
(54652171970; 6)
(54652197014; 5)
(54652478759; 6)
(54652485020; 5)
(54652541369; 6)
(54652560152; 5)
(54652585196; 6)
(54652591457; 5)
(54652603979; 6)
(54652622762; 5)
(54652629023; 6)
(54669360914; 5)
(54669436058; 6)
(54669442320; 5)
(54669448582; 6)
(54669467368; 5)
(54669517464; 6)
(54669542512; 5)
(54669555036; 6)
(54669655228; 5)
(54669667752; 6)
(54669674014; 5)
(54669680276; 6)
(54676080824; 5)
(54676093350; 6)
(54676112139; 5)
(54676118402; 6)
(54676149717; 5)
(54676243662; 6)
(54676249925; 5)
(54719741078; 6)
(54719747343; 5)
(54719778668; 6)
(54719784933; 5)
(54719853848; 6)
(54719860113; 5)
(54719866378; 6)
(54719897703; 5)
(54719903968; 6)
(54719916498; 5)
(54720505408; 6)
(54720524203; 5)
(54720561793; 6)
(54720674563; 5)
(54720724683; 6)
(54720749743; 5)
(54720756008; 6)
(54720781068; 5)
(54720787333; 6)
(54749223306; 5)
(54749235840; 6)
(54749267175; 5)
(54923671533; 6)
(54923771965; 5)
(54923809627; 6)
(54923979106; 5)
(54923991660; 6)
(54924066984; 5)
(54924901825; 6)
(54924920656; 5)
(54924964595; 6)
(54924983426; 5)
(54924995980; 6)
(54925014811; 5)
(54925021088; 6)
(54925027365; 5)
(54925083858; 6)
(54925090135; 5)
(54925102689; 6)
(54925127797; 5)
(54925178013; 6)
(54925184290; 5)
(54925190567; 6)
(54930670388; 5)
(54930714327; 6)
(54930720604; 5)
(54930827313; 6)
(54930846144; 5)
(54930877529; 6)
(54930883806; 5)
(54935070837; 6)
(54935227787; 5)
(54935240343; 6)
(54935246621; 5)
(54935259177; 6)
(54935391015; 5)
(54935397293; 6)
(54935403571; 5)
(54935422405; 6)
(54935472629; 5)
(54935478907; 6)
(54935604467; 5)
(54935642135; 6)
(54935648413; 5)
(54935660969; 6)
(54935799085; 5)
(54935805363; 6)
(54935849309; 5)
(54935924645; 6)
(54935937201; 5)
(54936276213; 6)
(54980624418; 5)
(54980630698; 6)
(54980643258; 5)
(54980706058; 6)
(54981045178; 5)
(54981139378; 6)
(54981710858; 5)
(54981723418; 6)
(54981735978; 5)
(54981779938; 6)
(54981962058; 5)
(54981968338; 6)
(54988581609; 5)
(54988587890; 6)
(54988594171; 5)
(54988606733; 6)
(54988625576; 5)
(54988638138; 6)
(54988675824; 5)
(54989825247; 6)
(54989957148; 5)
(54989963429; 6)
(54989969710; 5)
(54990151859; 6)
(54990170702; 5)
(54990227231; 6)
(54992620292; 5)
(54992639135; 6)
(54992871532; 5)
(54992877813; 6)
(54992896656; 5)
(54992909218; 6)
(54992915499; 5)
(54992934342; 6)
(54992953185; 5)
(54992959466; 6)
(54995559800; 5)
(54995660296; 6)
(54995679139; 5)
(54995691701; 6)
(54995716825; 5)
(54996024594; 6)
(54996037156; 5)
(54996043437; 6)
(54996106247; 5)
(54996125090; 6)
(54996326082; 5)
(54996338644; 6)
(54996351206; 5)
(54996376330; 6)
(54996401454; 5)
(54996596165; 6)
(54996715504; 5)
(54996922777; 6)
(54997130050; 5)
(54997136331; 6)
(54997142612; 5)
(54997192860; 6)
(54997393852; 5)
(54997676497; 6)
(54997695340; 5)
(54997701621; 6)
(54997833522; 5)
(54997852365; 6)
(54997858646; 5)
(54997871208; 6)
(54997877489; 5)
(54997883770; 6)
(54997890051; 5)
(54997908894; 6)
(54997921456; 5)
(54997946580; 6)
(54998003109; 5)
(54998015671; 6)
(54998021952; 5)
(54998034514; 6)
(54998053357; 5)
(54998059638; 6)
(54999271871; 5)
(54999278152; 6)
(54999987905; 5)
