(6000000001; 5)
(6057245985; 6)
(6057254321; 5)
(6057279329; 6)
(6057283497; 5)
(6057287665; 6)
(6057300169; 5)
(6057318925; 6)
(6057527325; 5)
(6057556501; 6)
(6057581509; 5)
(6057673205; 6)
(6058112929; 5)
(6058115013; 6)
(6059023637; 5)
(6059025721; 6)
(6059031973; 5)
(6059050729; 6)
(6059052813; 5)
(6059065317; 6)
(6059075741; 5)
(6059077826; 6)
(6059100761; 5)
(6059102846; 6)
(6059104931; 5)
(6140446857; 6)
(6140457347; 5)
(6141042848; 6)
(6141049145; 5)
(6141057541; 6)
(6141068036; 5)
(6141070135; 6)
(6141089026; 5)
(6141095323; 6)
(6141147798; 5)
(6141624271; 6)
(6141632667; 5)
(6141634766; 6)
(6141641063; 5)
(6141645261; 6)
(6141647360; 5)
(6141683043; 6)
(6141685142; 5)
(6141689340; 6)
(6141739716; 5)
(6141760706; 6)
(6141762805; 5)
(6141764904; 6)
(6141777498; 5)
(6141781696; 6)
(6141802686; 5)
(6143297174; 6)
(6143414718; 5)
(6143416817; 6)
(6143418916; 5)
(6143437807; 6)
(6143439906; 5)
(6143444104; 6)
(6143448302; 5)
(6144944889; 6)
(6144949087; 5)
(6144963780; 6)
(6144972176; 5)
(6144974275; 6)
(6145012057; 5)
(6145016255; 6)
(6145129601; 5)
(6145131700; 6)
(6145152690; 5)
(6145347897; 6)
(6145352095; 5)
(6145354194; 6)
(6159362343; 7)
(6159366547; 6)
(6159368649; 7)
(6159482157; 6)
(6159484259; 7)
(6159486361; 6)
(6159492667; 7)
(6159496871; 6)
(6159498973; 7)
(6159505279; 6)
(6159526299; 7)
(6159534707; 6)
(6159564135; 7)
(6160085431; 6)
(6160087533; 7)
(6160089635; 6)
(6160098043; 7)
(6160129573; 6)
(6160131675; 7)
(6160135879; 6)
(6160140083; 7)
(6160173715; 6)
(6160180021; 7)
(6160182123; 6)
(6160186327; 7)
(6160188429; 6)
(6160196837; 7)
(6164506113; 6)
(6164508216; 7)
(6164510319; 6)
(6164516628; 7)
(6180538201; 8)
(6180542411; 7)
(6180548726; 8)
(6180550831; 7)
(6180588721; 8)
(6180592931; 7)
(6180595036; 8)
(6180637136; 7)
(6180639241; 8)
(6180641346; 7)
(6181260216; 8)
(6181325471; 7)
(6182355111; 8)
(6182369853; 7)
(6182384595; 8)
(6182386701; 7)
(6182399337; 8)
(6182407761; 7)
(6182426715; 8)
(6182458305; 7)
(6182460411; 8)
(6182468835; 7)
(6182473047; 8)
(6182477259; 7)
(6182502531; 8)
(6182508849; 7)
(6182515167; 8)
(6182517273; 7)
(6182544651; 8)
(6192240769; 7)
(6192257625; 8)
(6192270267; 7)
(6192272374; 8)
(6192280802; 7)
(6192628457; 8)
(6192653741; 7)
(6192664276; 8)
(6192706416; 7)
(6192708523; 8)
(6192712737; 7)
(6192727486; 8)
(6192847585; 7)
(6192893939; 8)
(6193026680; 7)
(6193730536; 8)
(6193732644; 7)
(6193734752; 8)
(6193738968; 7)
(6193827504; 8)
(6193989820; 7)
(6193994036; 8)
(6194000360; 7)
(6220474839; 6)
(6220476951; 7)
(6220479063; 6)
(6220504407; 7)
(6220506519; 6)
(6220508631; 7)
(6220561431; 6)
(6220563543; 7)
(6220774743; 6)
(6220776855; 7)
(6221545623; 6)
(6221564631; 7)
(6221579415; 6)
(6221585751; 7)
(6221587863; 6)
(6221589975; 7)
(6221608983; 6)
(6240003519; 7)
(6240011979; 6)
(6240016209; 7)
(6240022554; 6)
(6240035244; 7)
(6240039474; 6)
(6240043704; 7)
(6240056394; 6)
(6240058509; 7)
(6240062739; 6)
(6240069084; 7)
(6240098694; 6)
(6240100809; 7)
(6240105039; 6)
(6240107154; 7)
(6240176949; 6)
(6240244629; 7)
(6240246744; 6)
(6245151475; 7)
(6245153591; 6)
(6245162055; 7)
(6245164171; 6)
(6245172635; 7)
(6245181099; 6)
(6245183215; 7)
(6245217071; 6)
(6245219187; 7)
(6245221303; 6)
(6245231883; 7)
(6245236115; 6)
(6245238231; 7)
(6245286899; 6)
(6245289015; 7)
(6245581023; 6)
(6245585255; 7)
(6245595835; 6)
(6245597951; 7)
(6245600067; 6)
(6245608531; 7)
(6245623343; 6)
(6249130807; 7)
(6249132924; 6)
(6249139275; 7)
(6249149860; 6)
(6249221838; 7)
(6249334039; 6)
(6249338273; 7)
(6249361560; 6)
(6249378496; 7)
(6249380613; 6)
(6249386964; 7)
(6249408134; 6)
(6249439889; 7)
(6249503399; 6)
(6251167361; 7)
(6253636375; 6)
(6253655437; 7)
(6258745207; 6)
(6258753683; 7)
(6258760040; 6)
(6258978297; 7)
(6258980416; 6)
(6258984654; 7)
(6258988892; 6)
(6259003725; 7)
(6259005844; 6)
(6260618403; 7)
(6260620522; 6)
(6262741641; 7)
(6262743760; 6)
(6269565235; 7)
(6269567355; 6)
(6269597035; 7)
(6280827633; 6)
(6280844609; 7)
(6281345401; 6)
(6281362377; 7)
(6281372987; 6)
(6281381475; 7)
(6281383597; 6)
(6281385719; 7)
(6281763435; 6)
(6281765557; 7)
(6281767679; 6)
(6281774045; 7)
(6336118274; 8)
(6336139594; 7)
(6337015846; 8)
(6337043562; 7)
(6337045694; 8)
(6337058486; 7)
(6337077674; 8)
(6337081938; 7)
(6337086202; 8)
(6337092598; 7)
(6337118182; 8)
(6337156558; 7)
(6337199198; 8)
(6337201330; 7)
(6337416662; 8)
(6337420926; 7)
(6337423058; 8)
(6337427322; 7)
(6337437982; 8)
(6337499810; 7)
(6337501942; 8)
(6337512602; 7)
(6337521130; 8)
(6337523262; 7)
(6337525394; 8)
(6337544582; 7)
(6337550978; 8)
(6337553110; 7)
(6337557374; 8)
(6337559506; 7)
(6337563770; 8)
(6337565902; 7)
(6337776970; 8)
(6337898494; 7)
(6337902758; 8)
(6337909154; 7)
(6337911286; 8)
(6338753426; 7)
(6338962362; 8)
(6338966626; 7)
(6338970890; 8)
(6338973022; 7)
(6338975154; 8)
(6338979418; 7)
(6338998606; 8)
(6339079622; 7)
(6339081754; 8)
(6339086018; 7)
(6339094546; 8)
(6339105206; 7)
(6339113734; 8)
(6339115866; 7)
(6339122262; 8)
(6339124394; 7)
(6339126526; 8)
(6341981614; 7)
(6341983747; 8)
(6341985880; 7)
(6342013609; 8)
(6342015742; 7)
(6342026407; 8)
(6342030673; 7)
(6346721140; 8)
(6346723273; 7)
(6346746736; 8)
(6346748869; 7)
(6346774465; 8)
(6346776598; 7)
(6393011038; 6)
(6393023884; 7)
(6393036730; 6)
(6401499211; 5)
(6401505640; 6)
(6401516355; 5)
(6401559215; 6)
(6401569930; 5)
(6401608504; 6)
(6401612790; 5)
(6402182828; 6)
(6402197829; 5)
(6402199972; 6)
(6402214973; 5)
(6402229974; 6)
(6402232117; 5)
(6402394985; 6)
(6402521422; 5)
(6402538566; 6)
(6402547138; 5)
(6402549281; 6)
(6402553567; 5)
(6403153607; 6)
(6403155750; 5)
(6403419339; 6)
(6403423625; 5)
(6403425768; 6)
(6403877941; 5)
(6403880084; 6)
(6431397716; 5)
(6431402012; 6)
(6431404160; 5)
(6431406308; 6)
(6431417048; 5)
(6431419196; 6)
(6462373500; 5)
(6462377806; 6)
(6462386418; 5)
(6462530669; 6)
(6462543587; 5)
(6462567270; 6)
(6462571576; 5)
(6462987105; 6)
(6462989258; 5)
(6463028012; 6)
(6463030165; 5)
(6463034471; 6)
(6463038777; 5)
(6463043083; 6)
(6463049542; 5)
(6463288525; 6)
(6463292831; 5)
(6463299290; 6)
(6463314361; 5)
(6463391869; 6)
(6499907715; 7)
(6499942259; 6)
(6499983280; 7)
(6499985439; 6)
(6499989757; 7)
(6500002711; 6)
(6500024301; 7)
(6500026460; 6)
(6500058845; 7)
(6500061004; 6)
(6500065322; 7)
(6500069640; 6)
(6500071799; 7)
(6500197021; 6)
(6500207816; 7)
(6500212134; 6)
(6500276904; 7)
(6500514394; 6)
(6500581323; 7)
(6504122690; 6)
(6504127010; 7)
(6504129170; 6)
(6504139970; 7)
(6504165890; 6)
(6505079570; 7)
(6505135730; 6)
(6505140050; 7)
(6505174610; 6)
(6505185410; 7)
(6505241570; 6)
(6505248050; 7)
(6505377650; 6)
(6505397090; 7)
(6537123969; 6)
(6537143454; 7)
(6537145619; 6)
(6537576454; 7)
(6537669549; 6)
(6537671714; 7)
(6537673879; 6)
(6537689034; 7)
(6537691199; 6)
(6537693364; 7)
(6537704189; 6)
(6539072508; 7)
(6539074674; 6)
(6539076840; 7)
(6539079006; 6)
(6539081172; 7)
(6539167812; 6)
(6539169978; 7)
(6539215464; 6)
(6539217630; 7)
(6539239290; 6)
(6539455890; 7)
(6539466720; 6)
(6539477550; 7)
(6539492712; 6)
(6539497044; 7)
(6539516538; 6)
(6539518704; 7)
(6539533866; 6)
(6539551194; 7)
(6539572854; 6)
(6539577186; 7)
(6539579352; 6)
(6539592348; 7)
(6539594514; 6)
(6539596680; 7)
(6553062998; 6)
(6560034465; 7)
(6560036634; 6)
(6560151591; 7)
(6560173281; 6)
(6560401026; 7)
(6560416209; 6)
(6560533335; 7)
(6560542011; 6)
(6560546349; 7)
(6560552856; 6)
(6560555025; 7)
(6560559363; 6)
(6560568039; 7)
(6560576715; 6)
(6560578884; 7)
(6560587560; 6)
(6560589729; 7)
(6560607081; 6)
(6560613588; 7)
(6560615757; 6)
(6560620095; 7)
(6560622264; 6)
(6560624433; 7)
(6560635278; 6)
(6560919417; 7)
(6560921586; 6)
(6560925924; 7)
(6560928093; 6)
(6560975811; 7)
(6560982318; 6)
(6560984487; 7)
(6560986656; 6)
(6561385752; 7)
(6561398766; 6)
(6561405273; 7)
(6561409611; 6)
(6561411780; 7)
(6561422625; 6)
(6561426963; 7)
(6561431301; 6)
(6561452991; 7)
(6562923573; 6)
(6562925742; 7)
(6563008164; 6)
(6563010333; 7)
(6563012502; 6)
(6563014671; 7)
(6563016840; 6)
(6563019009; 7)
(6563144811; 6)
(6563257643; 7)
(6563275003; 6)
(6563281513; 7)
(6563294533; 6)
(6563296703; 7)
(6563301043; 6)
(6563322743; 7)
(6563327083; 6)
(6563337933; 7)
(6563342273; 6)
(6563357463; 7)
(6563407373; 6)
(6563416053; 7)
(6563448603; 6)
(6563739383; 7)
(6567413193; 6)
(6567456593; 7)
(6567460933; 6)
(6567463103; 7)
(6567465273; 6)
(6567469613; 7)
(6567476123; 6)
(6567491313; 7)
(6567513013; 6)
(6567521693; 7)
(6567530373; 6)
(6567534713; 7)
(6567541223; 6)
(6567552073; 7)
(6567610663; 6)
(6581796294; 7)
(6581802813; 6)
(6581804986; 7)
(6581824543; 6)
(6581831062; 7)
(6581852792; 6)
(6581952750; 7)
(6581957096; 6)
(6581974480; 7)
(6581978826; 6)
(6581983172; 7)
(6582159185; 6)
(6582161358; 7)
(6582163531; 6)
(6584664654; 7)
(6585110119; 6)
(6585323073; 7)
(6585805479; 6)
(6586991937; 7)
(6586994110; 6)
(6587002802; 7)
(6587004975; 6)
(6587050608; 7)
(6587406993; 6)
(6587409167; 7)
(6587704831; 6)
(6587722223; 7)
(6587728745; 6)
(6587759181; 7)
(6587765703; 6)
(6588104847; 7)
(6588113543; 6)
(6588115717; 7)
(6588117891; 6)
(6588120065; 7)
(6588124413; 6)
(6588170067; 7)
(6588452687; 6)
(6588465731; 7)
(6588520081; 6)
(6588554865; 7)
(6588570083; 6)
(6588574431; 7)
(6623087759; 6)
(6623096475; 7)
(6623179277; 6)
(6623181456; 7)
(6623183635; 6)
(6623187993; 7)
(6623190172; 6)
(6623203246; 7)
(6623205425; 6)
(6623207604; 7)
(6623211962; 6)
(6623214141; 7)
(6623216320; 6)
(6623429862; 7)
(6623442936; 6)
(6623466905; 7)
(6623471263; 6)
(6623623793; 7)
(6623639046; 6)
(6623643404; 7)
(6623645583; 6)
(6623647762; 7)
(6623649941; 6)
(6623652120; 7)
(6623680447; 6)
(6623909296; 7)
(6623915836; 6)
(6623933276; 7)
(6623935456; 6)
(6623937636; 7)
(6623959436; 6)
(6623965976; 7)
(6623989956; 6)
(6624048816; 7)
(6624064076; 6)
(6624077156; 7)
(6624079336; 6)
(6624142556; 7)
(6624144736; 6)
(6624146916; 7)
(6624157816; 6)
(6624177436; 7)
(6624179616; 6)
(6624183976; 7)
(6624205776; 6)
(6624210136; 7)
(6624295156; 6)
(6624306056; 7)
(6624813996; 6)
(6624816176; 7)
(6624818356; 6)
(6624820536; 7)
(6624837976; 6)
(6624844516; 7)
(6624848876; 6)
(6624851056; 7)
(6624853236; 6)
(6624857596; 7)
(6624866316; 6)
(6624868496; 7)
(6625073416; 6)
(6625101756; 7)
(6625106116; 6)
(6625110476; 7)
(6625114836; 6)
(6625223836; 7)
(6625546476; 6)
(6625550836; 7)
(6625574816; 6)
(6625579176; 7)
(6625592256; 6)
(6625609696; 7)
(6625611876; 6)
(6625718696; 7)
(6625744856; 6)
(6625860396; 7)
(6626662636; 6)
(6626664816; 7)
(6626669176; 6)
(6626671356; 7)
(6626680076; 6)
(6626682256; 7)
(6627504116; 6)
(6627508476; 7)
(6627525916; 6)
(6627990256; 7)
(6627992436; 6)
(6628105796; 7)
(6628230056; 6)
(6628232236; 7)
(6628243136; 6)
(6628245316; 7)
(6628247496; 6)
(6628254036; 7)
(6628264936; 6)
(6628291096; 7)
(6628349956; 6)
(6628406636; 7)
(6628428436; 6)
(6628432796; 7)
(6628441516; 6)
(6628443696; 7)
(6628448056; 6)
(6628450236; 7)
(6628489476; 6)
(6628498196; 7)
(6628502556; 6)
(6646386362; 5)
(6646416924; 6)
(6646419107; 5)
(6646421290; 6)
(6646427839; 5)
(6646430022; 6)
(6646443120; 5)
(6646519525; 6)
(6646521708; 5)
(6646523891; 6)
(6646526074; 5)
(6646530440; 6)
(6646532623; 5)
(6646604662; 6)
(6646609028; 5)
(6646700714; 6)
(6646702897; 5)
(6646705080; 6)
(6647593561; 5)
(6647663417; 6)
(6650205384; 5)
(6650207568; 6)
(6650225040; 5)
(6650653104; 6)
(6650670576; 5)
(6650803800; 6)
(6650805984; 5)
(6652706064; 6)
(6652710432; 5)
(6652721352; 6)
(6652727904; 5)
(6652749744; 6)
(6652758480; 5)
(6652760664; 6)
(6652773768; 5)
(6655152575; 6)
(6655167870; 5)
(6655170055; 6)
(6655172240; 5)
(6655176610; 6)
(6655183165; 5)
(6655185350; 6)
(6655213755; 5)
(6655224680; 6)
(6655229050; 5)
(6655233420; 6)
(6655244345; 5)
(6655246530; 6)
(6655250900; 5)
(6655259640; 6)
(6655261825; 5)
(6655272750; 6)
(6655274935; 5)
(6655279305; 6)
(6655281490; 5)
(6655283675; 6)
(6655443180; 5)
(6655462845; 6)
(6655473770; 5)
(6655475955; 6)
(6655478140; 5)
(6656225410; 6)
(6656227595; 5)
(6656229780; 6)
(6656231965; 5)
(6656404580; 6)
(6656865615; 5)
(6656867800; 6)
(6656876540; 5)
(6656878725; 6)
(6658298975; 5)
(6659325925; 6)
(6659334665; 5)
(6659341220; 6)
(6659583755; 5)
(6659596865; 6)
(6659599050; 5)
(6659614345; 6)
(6659616530; 5)
(6659620900; 6)
(6659695190; 5)
(6661115812; 6)
(6661120184; 5)
(6661181392; 6)
(6661273204; 5)
(6661284134; 6)
(6661286320; 5)
(6661325668; 6)
(6661336598; 5)
(6661347528; 6)
(6661349714; 5)
(6661404364; 6)
(6661751938; 5)
(6661891842; 6)
(6661898400; 5)
(6661900586; 6)
(6661902772; 5)
(6661937748; 6)
(6661953050; 5)
(6661955236; 6)
(6661957422; 5)
(6662350902; 6)
(6662353088; 5)
(6662420854; 6)
(6662431784; 5)
(6663994774; 6)
(6664075656; 5)
(6664160910; 6)
(6664163096; 5)
(6664178398; 6)
(6664189328; 5)
(6664191514; 6)
(6664193700; 5)
(6664195886; 6)
(6664200258; 5)
(6664209002; 6)
(6664228676; 5)
(6664230862; 6)
(6664233048; 5)
(6664241792; 6)
(6664243978; 5)
(6664270210; 6)
(6664272396; 5)
(6664276768; 6)
(6664278954; 5)
(6664289884; 6)
(6664292070; 5)
(6664311744; 6)
(6664313930; 5)
(6664316116; 6)
(6664324860; 5)
(6664327046; 6)
(6664331418; 5)
(6664337976; 6)
(6664340162; 5)
(6664464764; 6)
(6664497554; 5)
(6664499740; 6)
(6664501926; 5)
(6664510670; 6)
(6664584994; 5)
(6664591552; 6)
(6664595924; 5)
(6664611226; 6)
(6664676806; 5)
(6670865229; 6)
(6670873977; 5)
(6670937400; 6)
(6670943961; 5)
(6670946148; 6)
(6670948335; 5)
(6670952709; 6)
(6670954896; 5)
(6670959270; 6)
(6670983327; 5)
(6670992075; 6)
(6670994262; 5)
(6670998636; 6)
(6671038002; 5)
(6671057685; 6)
(6671068620; 5)
(6671149539; 6)
(6671151726; 5)
(6671167035; 6)
(6671385735; 5)
(6671398857; 6)
(6671401044; 5)
(6671403231; 6)
(6671414166; 5)
(6671416353; 6)
(6671510394; 5)
(6671656923; 6)
(6671663484; 5)
(6671665671; 6)
(6671672232; 5)
(6679242632; 6)
(6679303924; 5)
(6679308302; 6)
(6679310491; 5)
(6679314869; 6)
(6679325814; 5)
(6679345515; 6)
(6680124799; 5)
(6680229871; 6)
(6680234249; 5)
(6680240816; 6)
(6680278029; 5)
(6680280218; 6)
(6680282407; 5)
(6680284596; 6)
(6680297730; 5)
(6680302108; 6)
(6680304297; 5)
(6680396235; 6)
(6680400613; 5)
(6680483795; 6)
(6681593618; 5)
(6681595807; 6)
(6681624264; 5)
(6681626453; 6)
(6681628642; 5)
(6681635209; 6)
(6681683367; 5)
(6681685556; 6)
(6681692123; 5)
(6681696501; 6)
(6681698690; 5)
(6681749037; 6)
(6681755604; 5)
(6682869805; 6)
(6682871994; 5)
(6682874183; 6)
(6682876372; 5)
(6682878561; 6)
(6682880750; 5)
(6682887317; 6)
(6682889506; 5)
(6682891695; 6)
(6682893884; 5)
(6682896073; 6)
(6682898262; 5)
(6682900451; 6)
(6682920152; 5)
(6683760728; 6)
(6683765106; 5)
(6683773862; 6)
(6683778240; 5)
(6683780429; 6)
(6683784807; 5)
(6683824209; 6)
(6683828587; 5)
(6683841721; 6)
(6683843910; 5)
(6683907391; 6)
(6684043109; 5)
(6684045298; 6)
(6693200293; 5)
(6693309843; 6)
(6693316416; 5)
(6693322989; 6)
(6693358045; 5)
(6693404056; 6)
(6693406247; 5)
(6693412820; 6)
(6693430348; 5)
(6693546471; 6)
(6693566190; 5)
(6693568381; 6)
(6693579336; 5)
(6693594673; 6)
(6693780908; 5)
(6693833492; 6)
(6693835683; 5)
(6693837874; 6)
(6694107367; 5)
(6694111749; 6)
(6694116131; 5)
(6694352759; 6)
(6694361523; 5)
(6694365905; 6)
(6694368096; 5)
(6694370287; 6)
(6694372478; 5)
(6694376860; 6)
(6694385624; 5)
(6694390006; 6)
(6694453545; 5)
(6694460118; 6)
(6694468882; 5)
(6694492983; 6)
(6694959666; 5)
(6694961857; 6)
(6695036351; 5)
(6695765954; 6)
(6696063930; 5)
(6696066121; 6)
(6696072694; 5)
(6696074885; 6)
(6696079267; 5)
(6696083649; 6)
(6696092413; 5)
(6696096795; 6)
(6696098986; 5)
(6696618253; 6)
(6696769432; 5)
(6696771623; 6)
(6696773814; 5)
(6696778196; 6)
(6696784769; 5)
(6696786960; 6)
(6696955686; 5)
(6697017062; 6)
(6697023638; 5)
(6697036790; 6)
(6697058710; 5)
(6697074054; 6)
(6697082822; 5)
(6697085014; 6)
(6697087206; 5)
(6697422582; 6)
(6697486150; 5)
(6697488342; 6)
(6697582598; 5)
(6697586982; 6)
(6744991871; 5)
(6744994070; 6)
(6745018259; 5)
(6745033652; 6)
(6745077632; 5)
(6745079831; 6)
(6745396487; 5)
(6745398686; 6)
(6745513034; 5)
(6745526228; 6)
(6745528427; 5)
(6745546019; 6)
(6745550417; 5)
(6745561412; 6)
(6745574606; 5)
(6745739531; 6)
(6745774715; 5)
(6745776914; 6)
(6745794506; 5)
(6745796705; 6)
(6745801103; 5)
(6745827491; 6)
(6745829690; 5)
(6745849481; 6)
(6745851680; 5)
(6745853879; 6)
(6746058465; 5)
(6746069465; 6)
(6746115665; 5)
(6746131065; 6)
(6746150865; 5)
(6746267465; 6)
(6746445665; 5)
(6746447865; 6)
(6746456665; 5)
(6746458865; 6)
(6746469865; 5)
(6746472065; 6)
(6746476465; 5)
(6746478665; 6)
(6746480865; 5)
(6746483065; 6)
(6746485265; 5)
(6746500665; 6)
(6746511665; 5)
(6746513865; 6)
(6746518265; 5)
(6746529265; 6)
(6746533665; 5)
(6746555665; 6)
(6746566665; 5)
(6746568865; 6)
(6746575465; 5)
(6746615065; 6)
(6746632665; 5)
(6746634865; 6)
(6746643665; 5)
(6746652465; 6)
(6746663465; 5)
(6746667865; 6)
(6746670065; 5)
(6746694265; 6)
(6746696465; 5)
(6746709665; 6)
(6746832865; 5)
(6746890065; 6)
(6746894465; 5)
(6746905465; 6)
(6746914265; 5)
(6748944865; 6)
(6748949265; 5)
(6748953665; 6)
(6748962465; 5)
(6748966865; 6)
(6748969065; 5)
(6749008665; 6)
(6749019665; 5)
(6749508065; 6)
(6749510265; 5)
(6749512465; 6)
(6749516865; 5)
(6749549865; 6)
(6749567465; 5)
(6749574065; 6)
(6749582865; 5)
(6749585065; 6)
(6749589465; 5)
(6749591665; 6)
(6749593865; 5)
(6749598265; 6)
(6749602665; 5)
(6749618065; 6)
(6760900545; 5)
(6760904949; 6)
(6760907151; 5)
(6760915959; 6)
(6760918161; 5)
(6760920363; 6)
(6760929171; 5)
(6760933575; 6)
(6760940181; 5)
(6760979817; 6)
(6760999635; 5)
(6761008443; 6)
(6761010645; 5)
(6761012847; 6)
(6761160381; 5)
(6761162583; 6)
(6761164785; 5)
(6761166987; 6)
(6761169189; 5)
(6761175795; 6)
(6761180199; 5)
(6761191209; 6)
(6761197815; 5)
(6762318633; 6)
(6762404511; 5)
(6762428733; 6)
(6762439743; 5)
(6762552045; 6)
(6762558651; 5)
(6762560853; 6)
(6762591681; 5)
(6762734811; 6)
(6762737013; 5)
(6762774447; 6)
(6762778851; 5)
(6762781053; 6)
(6762783255; 5)
(6762785457; 6)
(6763038687; 5)
(6763043091; 6)
(6763045293; 5)
(6763049697; 6)
(6763051899; 5)
(6763076121; 6)
(6763078323; 5)
(6763120161; 6)
(6763135575; 5)
(6763190625; 6)
(6763203837; 5)
(6763208241; 6)
(6763217049; 5)
(6763223655; 6)
(6763230261; 5)
(6763232463; 6)
(6763234665; 5)
(6763236867; 6)
(6763624419; 5)
(6763626621; 6)
(6767939791; 5)
(6767941994; 6)
(6767944197; 5)
(6767946400; 6)
(6768155685; 5)
(6768157888; 6)
(6768164497; 5)
(6768177715; 6)
(6768197542; 5)
(6768204151; 6)
(6768212963; 5)
(6768794555; 6)
(6768796758; 5)
(6768834209; 6)
(6768840818; 5)
(6768856239; 6)
(6768858442; 5)
(6768860645; 6)
(6769003840; 5)
(6769907070; 6)
(6769909273; 5)
(6770371903; 6)
(6770374106; 5)
(6770376309; 6)
(6770389527; 5)
(6770391730; 6)
(6770398339; 5)
(6770400542; 6)
(6770830305; 5)
(6770832509; 6)
(6770836917; 5)
(6770850141; 6)
(6770852345; 5)
(6771063929; 6)
(6771103601; 5)
(6771110213; 6)
(6771141069; 5)
(6771282125; 6)
(6771293145; 5)
(6771385713; 6)
(6771462853; 5)
(6771482689; 6)
(6771522361; 5)
(6771526769; 6)
(6771531177; 5)
(6771533381; 6)
(6771548809; 5)
(6771551013; 6)
(6771575257; 5)
(6771577461; 6)
(6771579665; 5)
(6771581869; 6)
(6771584073; 5)
(6772185765; 6)
(6772198989; 5)
(6772201193; 6)
(6772203397; 5)
(6772935125; 6)
(6772943941; 5)
(6772946145; 6)
(6773043121; 5)
(6773045325; 6)
(6773047529; 5)
(6774731385; 6)
(6774746813; 5)
(6774762241; 6)
(6774782077; 5)
(6774870237; 6)
(6774879053; 5)
(6774887869; 6)
(6774894481; 5)
(6774903297; 6)
(6775284589; 5)
(6775286793; 6)
(6775291201; 5)
(6775293405; 6)
(6775304425; 5)
(6775311037; 6)
(6775313241; 5)
(6775326465; 6)
(6775491765; 5)
(6775672493; 6)
(6775676901; 5)
(6775751837; 6)
(6775939177; 5)
(6775952401; 6)
(6776051581; 5)
(6776053785; 6)
(6776055989; 5)
(6776058193; 6)
(6776060397; 5)
(6776067009; 6)
(6776069213; 5)
(6776071417; 6)
(6776075825; 5)
(6776086845; 6)
(6776853960; 5)
(6776862780; 6)
(6776880420; 5)
(6776882625; 6)
(6776884830; 5)
(6776887035; 6)
(6776944365; 5)
(6776950980; 6)
(6776981850; 5)
(6776999490; 6)
(6777006105; 5)
(6777008310; 6)
(6777010515; 5)
(6777012720; 6)
(6777019335; 5)
(6777025950; 6)
(6777036975; 5)
(6777039180; 6)
(6777048000; 5)
(6777052410; 6)
(6777054615; 5)
(6777063435; 6)
(6777065640; 5)
(6777067845; 6)
(6777070050; 5)
(6777072255; 6)
(6777074460; 5)
(6777078870; 6)
(6777083280; 5)
(6777200145; 6)
(6777202350; 5)
(6777206760; 6)
(6777211170; 5)
(6777266295; 6)
(6777268500; 5)
(6777275115; 6)
(6777277320; 5)
(6777286140; 6)
(6777310395; 5)
(6777341265; 6)
(6777888105; 5)
(6777912360; 6)
(6777914565; 5)
(6777916770; 6)
(6777925590; 5)
(6777932205; 6)
(6777980715; 5)
(6777985125; 6)
(6777987330; 5)
(6777993945; 6)
(6778004970; 5)
(6778009380; 6)
(6778011585; 5)
(6778260750; 6)
(6778827435; 5)
(6778829640; 6)
(6778842870; 5)
(6779100855; 6)
(6779103060; 5)
(6779105265; 6)
(6779133930; 5)
(6779784405; 6)
(6779804250; 5)
(6779993880; 6)
(6780031365; 5)
(6780088695; 6)
(6780130590; 5)
(6780135000; 6)
(6781173555; 5)
(6781429335; 6)
(6789933350; 5)
(6835781403; 4)
(6835785831; 5)
(6835801329; 4)
(6835881033; 5)
(6835918671; 4)
(6835920885; 5)
(6835923099; 4)
(6835925313; 5)
(6835927527; 4)
(6835929741; 5)
(6835931955; 4)
(6835934169; 5)
(6835940811; 4)
(6835951881; 5)
(6835954095; 4)
(6836007231; 5)
(6836027157; 4)
(6836166639; 5)
(6836171067; 4)
(6836177709; 5)
(6836186565; 4)
(6836188779; 5)
(6836957037; 4)
(6836976963; 5)
(6836996889; 4)
(6838498121; 5)
(6838500336; 4)
(6838504766; 5)
(6838506981; 4)
(6838509196; 5)
(6838531346; 4)
(6840081846; 5)
(6840084061; 4)
(6840095136; 5)
(6840097351; 4)
(6840101781; 5)
(6840117286; 4)
(6840123931; 5)
(6840135006; 4)
(6840154941; 5)
(6840221391; 4)
(6840325496; 5)
(6840327711; 4)
(6840332141; 5)
(6840338786; 4)
(6840341001; 5)
(6840425171; 4)
(6848502929; 5)
(6848505145; 4)
(6848567193; 5)
(6848573841; 4)
(6848615945; 5)
(6848618161; 4)
(6848627025; 5)
(6848629241; 4)
(6848635889; 5)
(6848640321; 4)
(6848653617; 5)
(6848682425; 4)
(6848697937; 5)
(6848746689; 4)
(6848777713; 5)
(6848791009; 4)
(6848793225; 5)
(6848819817; 4)
(6848906241; 5)
(6848928401; 4)
(6848932833; 5)
(6848950561; 4)
(6848970505; 5)
(6849706217; 4)
(6849710649; 5)
(6849712865; 4)
(6849739457; 5)
(6849741673; 4)
(6849743889; 5)
(6849752753; 4)
(6849757185; 5)
(6849763833; 4)
(6849766049; 5)
(6849768265; 4)
(6849770481; 5)
(6849797073; 4)
(6849808153; 5)
(6849832529; 4)
(6849836961; 5)
(6849852473; 4)
(6849861337; 5)
(6849883497; 4)
(6849894577; 5)
(6849901225; 4)
(6849903441; 5)
(6849916737; 4)
(6849936681; 5)
(6849941113; 4)
(6849974353; 5)
(6849985433; 4)
(6849987649; 5)
(6849992081; 4)
(6849996513; 5)
(6849998729; 4)
(6850000945; 5)
(6850014241; 4)
(6850051913; 5)
(6850054129; 4)
(6850058561; 5)
(6850062993; 4)
(6850065209; 5)
(6850074073; 4)
(6850078505; 5)
(6850080721; 4)
(6850335561; 5)
(6850404257; 4)
(6850406473; 5)
(6850625894; 4)
(6850628111; 5)
(6850807688; 4)
(6850809905; 5)
(6850947359; 4)
(6850949576; 5)
(6851089247; 4)
(6851095898; 5)
(6851211182; 4)
(6851213399; 5)
(6851277692; 4)
(6851279909; 5)
(6851306513; 4)
(6851310947; 5)
(6851317598; 4)
(6851319815; 5)
(6851348636; 4)
(6851353070; 5)
(6851375240; 4)
(6851379674; 5)
(6851568119; 4)
(6851570336; 5)
(6851572553; 4)
(6851574770; 5)
(6851703356; 4)
(6851729960; 5)
(6851911754; 4)
(6851913971; 5)
(6851949443; 4)
(6851953877; 5)
(6852046991; 4)
(6852049208; 5)
(6852051425; 4)
(6852055859; 5)
(6852058076; 4)
(6852126803; 5)
(6852297512; 4)
(6852313031; 5)
(6852317465; 4)
(6852321899; 5)
(6852326333; 4)
(6852330767; 5)
(6852337418; 4)
(6852339635; 5)
(6852346286; 4)
(6852355154; 5)
(6852357371; 4)
(6852368456; 5)
(6852381758; 4)
(6852383975; 5)
(6852415013; 4)
(6852423881; 5)
(6852567986; 4)
(6852579071; 5)
(6852585722; 4)
(6852587939; 5)
(6852661100; 4)
(6852663317; 5)
(6852669968; 4)
(6852805205; 5)
(6852807422; 4)
(6852820724; 5)
(6852825158; 4)
(6852876149; 5)
(6852878366; 4)
(6853678703; 5)
(6853680920; 4)
(6853683137; 5)
(6853685354; 4)
(6853694222; 5)
(6853698656; 4)
(6853700873; 5)
(6853740779; 4)
(6855117536; 5)
(6855119753; 4)
(6855128621; 5)
(6855135272; 4)
(6855141923; 5)
(6855212867; 4)
(6855215084; 5)
(6855223952; 4)
(6855305981; 5)
(6855323717; 4)
(6855330368; 5)
(6855332585; 4)
(6855348104; 5)
(6855354755; 4)
(6855365840; 5)
(6855368057; 4)
(6855374708; 5)
(6855379142; 4)
(6855396878; 5)
(6855399095; 4)
(6855401312; 5)
(6858681137; 4)
(6858714407; 5)
(6858721061; 4)
(6858734369; 5)
(6858738805; 4)
(6858741023; 5)
(6863044004; 4)
(6863048442; 5)
(6863050661; 4)
(6863052880; 5)
(6863108355; 4)
(6863112793; 5)
(6863123888; 4)
(6863126107; 5)
(6863132764; 4)
(6863181582; 5)
(6863183801; 4)
(6863188239; 5)
(6863199334; 4)
(6863217086; 5)
(6863232619; 4)
(6863241495; 5)
(6863270342; 4)
(6872840357; 5)
(6873648437; 4)
(6873659537; 5)
(6873663977; 4)
(6873668417; 5)
(6873670637; 4)
(6874352177; 5)
(6874354397; 4)
(6874358837; 5)
(6874607477; 4)
(6874651877; 5)
(6874920497; 4)
(6882714379; 5)
(6882718823; 4)
(6882721045; 5)
(6882725489; 4)
(6882729933; 5)
(6882741043; 4)
(6882814369; 5)
(6892268824; 4)
(6892275493; 5)
(6892279939; 4)
(6892284385; 5)
(6892299946; 4)
(6892302169; 5)
(6892304392; 4)
(6892308838; 5)
(6892311061; 4)
(6892346629; 5)
(6892348852; 4)
(6917285146; 5)
(6918752766; 4)
(6918754994; 5)
(6918766134; 4)
(6920704494; 5)
(6920706722; 4)
(6920708950; 5)
(6920713406; 4)
(6920724546; 5)
(6920731230; 4)
(6966336264; 3)
(6966367554; 4)
(6966620109; 3)
(6966622344; 4)
(6966629049; 3)
(6966631284; 4)
(6966669279; 3)
(6966687159; 4)
(6967122984; 3)
(6988692289; 4)
(6988696767; 3)
(6989661776; 4)
(6989664015; 3)
(6989668493; 4)
(6989675210; 3)
(6989679688; 4)
(6990391690; 3)
(6990393929; 4)
(6990407363; 3)
(6990431992; 4)
(6991264900; 3)
(6991495517; 4)
(6991497756; 3)
(6991502234; 4)
(6991513429; 3)
(6991517907; 4)
(6991531341; 3)
(6991551492; 4)
(6991553731; 3)
(6991555970; 4)
(6992064223; 3)
(6992068701; 4)
(6992117959; 3)
(6992120198; 4)
