(7000000001; 4)
(7025473671; 5)
(7025475916; 4)
(7025554491; 5)
(7025556736; 4)
(7025574696; 5)
(7025615106; 4)
(7025617351; 5)
(7025619596; 4)
(7025633066; 5)
(7025637556; 4)
(7025684701; 5)
(7025707151; 4)
(7025709396; 5)
(7025722866; 4)
(7025754296; 5)
(7025873281; 4)
(7025904711; 5)
(7025913691; 4)
(7025915936; 5)
(7025960836; 4)
(7025965326; 5)
(7025967571; 4)
(7025972061; 5)
(7025981041; 4)
(7025983286; 5)
(7026245951; 4)
(7026259421; 5)
(7026275136; 4)
(7026313301; 5)
(7026315546; 4)
(7026320036; 5)
(7026335751; 4)
(7026380651; 5)
(7026441266; 4)
(7026448001; 5)
(7026454736; 4)
(7026459226; 5)
(7026465961; 4)
(7026468206; 5)
(7026708421; 4)
(7026719646; 5)
(7026721891; 4)
(7026766791; 5)
(7026769036; 4)
(7026791486; 5)
(7026795976; 4)
(7026798221; 5)
(7027525601; 4)
(7027527846; 5)
(7028652591; 4)
(7028654836; 5)
(7028681776; 4)
(7028708716; 5)
(7028710961; 4)
(7028996076; 5)
(7030810036; 4)
(7030819016; 5)
(7030830241; 4)
(7030859426; 5)
(7031016612; 4)
(7031021104; 5)
(7031030088; 4)
(7031036826; 5)
(7031117682; 4)
(7031450090; 5)
(7031452336; 4)
(7031535438; 5)
(7031537684; 4)
(7031542176; 5)
(7031551160; 4)
(7031553406; 5)
(7031555652; 4)
(7031569128; 5)
(7031575866; 4)
(7031578112; 5)
(7031596080; 4)
(7031894798; 5)
(7031912766; 4)
(7031917258; 5)
(7097629944; 4)
(7097632200; 5)
(7097636712; 4)
(7100231226; 5)
(7100242511; 4)
(7100305707; 5)
(7100709710; 4)
(7100921868; 5)
(7100924125; 4)
(7100926382; 5)
(7100944438; 4)
(7100960237; 5)
(7100969265; 4)
(7101495146; 5)
(7101499660; 4)
(7101522230; 5)
(7101684734; 4)
(7101982658; 5)
(7103068275; 4)
(7103269148; 5)
(7103309774; 4)
(7103312031; 5)
(7103321059; 4)
(7103323316; 5)
(7103330087; 4)
(7103359428; 5)
(7103361685; 4)
(7103363942; 5)
(7103366199; 4)
(7103384255; 5)
(7103406825; 4)
(7103415853; 5)
(7103418110; 4)
(7103433909; 5)
(7103438423; 4)
(7126870036; 3)
(7126872297; 4)
(7127428503; 3)
(7127523465; 4)
(7127525726; 3)
(7127930445; 4)
(7127932706; 3)
(7127939489; 4)
(7127950794; 3)
(7127991492; 4)
(7127993753; 3)
(7128215331; 4)
(7128968244; 3)
(7128972766; 4)
(7128975027; 3)
(7130530595; 4)
(7130627818; 3)
(7130648167; 4)
(7130661733; 3)
(7130663994; 4)
(7130673038; 3)
(7130675299; 4)
(7130704692; 3)
(7134685475; 4)
(7134687737; 3)
(7134963701; 4)
(7134968225; 3)
(7134975011; 4)
(7134986321; 3)
(7134988583; 4)
(7135027037; 3)
(7135033823; 4)
(7135054181; 3)
(7135085849; 4)
(7135101683; 3)
(7135110731; 4)
(7135112993; 3)
(7135153709; 4)
(7135160495; 3)
(7135176329; 4)
(7135178591; 3)
(7135262285; 4)
(7135321097; 3)
(7135325621; 4)
(7135327883; 3)
(7135330145; 4)
(7135339193; 3)
(7135345979; 4)
(7135348241; 3)
(7135703375; 4)
(7135725995; 3)
(7135791593; 4)
(7135805165; 3)
(7135807427; 4)
(7135809689; 3)
(7135820999; 4)
(7135850405; 3)
(7135852667; 4)
(7135875287; 3)
(7135879811; 4)
(7135893383; 3)
(7135897907; 4)
(7135904693; 3)
(7135906955; 4)
(7135927313; 3)
(7135938623; 4)
(7135943147; 3)
(7135947671; 4)
(7135949933; 3)
(7135952195; 4)
(7136203277; 3)
(7136210063; 4)
(7136221373; 3)
(7136223635; 4)
(7136359355; 3)
(7136366141; 4)
(7136377451; 3)
(7136379713; 4)
(7136397809; 3)
(7136402333; 4)
(7136411381; 3)
(7136413643; 4)
(7136418167; 3)
(7136420429; 4)
(7136422691; 3)
(7136424953; 4)
(7136429477; 3)
(7136456621; 4)
(7136481503; 3)
(7136483765; 4)
(7136486027; 3)
(7136490551; 4)
(7136497337; 3)
(7136535791; 4)
(7136556149; 3)
(7136612699; 4)
(7136644367; 3)
(7136651153; 4)
(7136707703; 3)
(7137313919; 4)
(7137318443; 3)
(7137352373; 4)
(7137555953; 3)
(7137558215; 4)
(7137576311; 3)
(7139334575; 4)
(7139339101; 3)
(7139341364; 4)
(7139361731; 3)
(7139366257; 4)
(7139370783; 3)
(7139373046; 4)
(7139382098; 3)
(7139384361; 4)
(7140454760; 3)
(7140457023; 4)
(7140518124; 3)
(7140522650; 4)
(7140527176; 3)
(7140556595; 4)
(7140558858; 3)
(7140563384; 4)
(7140583751; 3)
(7140586014; 4)
(7140622222; 3)
(7140638063; 4)
(7140644852; 3)
(7140647115; 4)
(7140653904; 3)
(7140683323; 4)
(7140687849; 3)
(7140726320; 4)
(7140730846; 3)
(7140735372; 4)
(7140737635; 3)
(7140744424; 4)
(7140746687; 3)
(7140751213; 4)
(7140789684; 3)
(7140796473; 4)
(7140798736; 3)
(7140830418; 4)
(7140841733; 3)
(7140853048; 4)
(7140855311; 3)
(7140886993; 4)
(7140905097; 3)
(7140911886; 4)
(7140988828; 3)
(7141260388; 4)
(7141269440; 3)
(7141273966; 4)
(7141276229; 3)
(7141287544; 4)
(7141301122; 3)
(7141305648; 4)
(7141321489; 3)
(7141328278; 4)
(7141839716; 3)
(7141841979; 4)
(7141844242; 3)
(7141853294; 4)
(7141875924; 3)
(7141907606; 4)
(7141973233; 3)
(7141975496; 4)
(7141989074; 3)
(7141991337; 4)
(7142002652; 3)
(7142043386; 4)
(7146522941; 3)
(7146561429; 4)
(7146568221; 3)
(7146572749; 4)
(7146593125; 3)
(7146724437; 4)
(7146726701; 3)
(7146869333; 4)
(7146934989; 3)
(7146941781; 4)
(7146953101; 3)
(7147292701; 4)
(7147496461; 3)
(7147498725; 4)
(7147510045; 3)
(7147516837; 4)
(7147519101; 3)
(7147636829; 4)
(7147641357; 3)
(7147648149; 4)
(7147652677; 3)
(7147657205; 4)
(7147659469; 3)
(7147677581; 4)
(7147919829; 3)
(7147924357; 4)
(7147926621; 3)
(7147942469; 4)
(7148008125; 3)
(7148010389; 4)
(7148087365; 3)
(7149083525; 4)
(7153048961; 3)
(7153071611; 4)
(7153073876; 3)
(7153078406; 4)
(7153209776; 3)
(7153404566; 4)
(7153406831; 3)
(7153409096; 4)
(7153413626; 3)
(7153440806; 4)
(7153447601; 3)
(7153479311; 4)
(7153610681; 3)
(7153653716; 4)
(7153660511; 3)
(7153683161; 4)
(7153699016; 3)
(7153701281; 4)
(7153769231; 3)
(7153771496; 4)
(7153773761; 3)
(7153789616; 4)
(7153794146; 3)
(7153800941; 4)
(7153803206; 3)
(7153812266; 4)
(7153816796; 3)
(7153830386; 4)
(7153832651; 3)
(7153834916; 4)
(7153837181; 3)
(7153848506; 4)
(7153970816; 3)
(7153973081; 4)
(7153975346; 3)
(7153977611; 4)
(7153979876; 3)
(7153997996; 4)
(7154000261; 3)
(7154002526; 4)
(7154804336; 3)
(7154808866; 4)
(7154813396; 3)
(7154822456; 4)
(7155409091; 3)
(7155420416; 4)
(7155447596; 3)
(7155488366; 4)
(7155495161; 3)
(7155504221; 4)
(7156652576; 3)
(7156657106; 4)
(7156675226; 3)
(7156693346; 4)
(7156706936; 3)
(7156709201; 4)
(7156836097; 3)
(7156847427; 4)
(7156854225; 3)
(7156856491; 4)
(7163783987; 3)
(7163786254; 4)
(7163788521; 3)
(7163824793; 4)
(7163874667; 3)
(7163906405; 4)
(7163908672; 3)
(7165699602; 4)
(7165701869; 3)
(7165740408; 4)
(7165754010; 3)
(7165772146; 4)
(7165948972; 3)
(7165967108; 4)
(7165973909; 3)
(7165985244; 4)
(7166130332; 3)
(7166162070; 4)
(7166173405; 3)
(7166177939; 4)
(7180035943; 3)
(7180142586; 4)
(7180235615; 3)
(7180242422; 4)
(7180246960; 3)
(7180256036; 4)
(7180262843; 3)
(7180265112; 4)
(7182874848; 3)
(7182886198; 4)
(7182888468; 3)
(7182917978; 4)
(7182920248; 3)
(7183208538; 4)
(7183240318; 3)
(7183242588; 4)
(7183244858; 3)
(7183247128; 4)
(7183278908; 3)
(7183630758; 4)
(7183633028; 3)
(7183635298; 4)
(7183726098; 3)
(7186334328; 4)
(7186343408; 3)
(7186345678; 4)
(7186347948; 3)
(7186352488; 4)
(7186359298; 3)
(7186488688; 4)
(7186817838; 3)
(7187271838; 4)
(7187278648; 3)
(7187360368; 4)
(7187362638; 3)
(7187364908; 4)
(7187385338; 3)
(7187403498; 4)
(7187414848; 3)
(7187419388; 4)
(7187426198; 3)
(7187430738; 4)
(7187442088; 3)
(7187444358; 4)
(7187446628; 3)
(7187448898; 4)
(7187453438; 3)
(7187480678; 4)
(7187498838; 3)
(7187523808; 4)
(7187526078; 3)
(7188459106; 4)
(7188465919; 3)
(7188468190; 4)
(7188484087; 3)
(7188506797; 4)
(7188509068; 3)
(7188513610; 4)
(7188531778; 3)
(7188540862; 4)
(7190200963; 3)
(7190214589; 4)
(7190216860; 3)
(7190223673; 4)
(7190225944; 3)
(7190228215; 4)
(7190257738; 3)
(7190269093; 4)
(7190273635; 3)
(7190298616; 4)
(7190334952; 3)
(7190691499; 4)
(7190693770; 3)
(7190696041; 4)
(7190698312; 3)
(7193777788; 4)
(7193784601; 3)
(7193789143; 4)
(7193904964; 3)
(7193923132; 4)
(7193929945; 3)
(7193943571; 4)
(7193948113; 3)
(7193954926; 4)
(7193961739; 3)
(7193984449; 4)
(7193988991; 3)
(7193993533; 4)
(7193995804; 3)
(7194002617; 4)
(7194007159; 3)
(7194013972; 4)
(7194041224; 3)
(7194488611; 4)
(7194490882; 3)
(7199300632; 4)
(7199302904; 3)
(7199316536; 4)
(7199321080; 3)
(7216022655; 2)
(7216065880; 3)
(7216070430; 2)
(7216074980; 3)
(7216084080; 2)
(7216090905; 3)
(7216284280; 2)
(7216288830; 3)
(7216291105; 2)
(7216322955; 3)
(7216325230; 2)
(7216327505; 3)
(7216329780; 2)
(7216332055; 3)
(7216345705; 2)
(7216347980; 3)
(7216368455; 2)
(7216370730; 3)
(7216443530; 2)
(7216470830; 3)
(7216479930; 2)
(7216482205; 3)
(7216489030; 2)
(7216493580; 3)
(7216527705; 2)
(7216532255; 3)
(7216864405; 2)
(7218568380; 3)
(7218588855; 2)
(7218591130; 3)
(7218627530; 2)
(7218636630; 3)
(7218638905; 2)
(7218643455; 3)
(7218645730; 2)
(7218666205; 3)
(7218679855; 2)
(7218691230; 3)
(7218804980; 2)
(7218836830; 3)
(7218839105; 2)
(7218843655; 3)
(7218845930; 2)
(7218848205; 3)
(7219121205; 2)
(7219139405; 3)
(7219168980; 2)
(7219171255; 3)
(7226260624; 2)
(7228995257; 3)
(7229004365; 2)
(7229008919; 3)
(7229011196; 2)
(7229015750; 3)
(7229018027; 2)
(7229040797; 3)
(7229043074; 2)
(7229081783; 3)
(7229102276; 2)
(7229104553; 3)
(7229106830; 2)
(7229109107; 3)
(7229118215; 2)
(7229134154; 3)
(7229136431; 2)
(7229314037; 3)
(7229320868; 2)
(7229329976; 3)
(7229359577; 2)
(7229368685; 3)
(7229370962; 2)
(7229432441; 3)
(7230222560; 2)
(7230281762; 3)
(7230284039; 2)
(7230288593; 3)
(7230297701; 2)
(7230302255; 3)
(7233043910; 2)
(7233046188; 3)
(7233114528; 2)
(7233116806; 3)
(7233155532; 2)
(7234228470; 3)
(7234237582; 2)
(7234242138; 3)
(7235362914; 2)
(7235390250; 3)
(7235392528; 2)
(7235394806; 3)
(7235401640; 2)
(7235408474; 3)
(7235410752; 2)
(7235413030; 3)
(7235415308; 2)
(7235422142; 3)
(7235435810; 2)
(7235438088; 3)
(7235444922; 2)
(7235481370; 3)
(7235485926; 2)
(7235488204; 3)
(7235501872; 2)
(7235506428; 3)
(7235508706; 2)
(7235510984; 3)
(7235533764; 2)
(7235545154; 3)
(7235556544; 2)
(7235570212; 3)
(7235572490; 2)
(7235581602; 3)
(7235583880; 2)
(7236089596; 3)
(7236091874; 2)
(7236107820; 3)
(7236180716; 2)
(7236347010; 3)
(7236349288; 2)
(7236351566; 3)
(7236353844; 2)
(7244235716; 3)
(7244269901; 2)
(7244274459; 3)
(7244506917; 2)
(7244547939; 3)
(7244557055; 2)
(7244727980; 3)
(7244764444; 2)
(7244766723; 3)
(7244769002; 2)
(7244771281; 3)
(7244807745; 2)
(7244812303; 3)
(7244814582; 2)
(7244816861; 3)
(7244885231; 2)
(7244887510; 3)
(7244912579; 2)
(7245062993; 3)
(7245610038; 2)
(7245612318; 3)
(7245614598; 2)
(7245637398; 3)
(7269674649; 2)
(7269676932; 3)
(7270544472; 2)
(7270546755; 3)
(7270549038; 2)
(7271147310; 3)
(7271151878; 2)
(7271154162; 3)
(7271158730; 2)
(7271177002; 3)
(7271186138; 2)
(7290696242; 3)
(7290707677; 2)
(7290913507; 3)
(7290915794; 2)
(7291009561; 3)
(7291062162; 2)
(7291098754; 3)
(7291153642; 2)
(7291178799; 3)
(7291181086; 2)
(7291185660; 3)
(7291190234; 2)
(7291197095; 3)
(7291242835; 2)
(7291254270; 3)
(7291281714; 2)
(7291357185; 3)
(7291359472; 2)
(7291366333; 3)
(7291373194; 2)
(7291375481; 3)
(7291601894; 2)
(7291604181; 3)
(7291611042; 2)
(7291672791; 3)
(7291675078; 2)
(7291679652; 3)
(7291691087; 2)
(7291693374; 3)
(7291697948; 2)
(7291700235; 3)
(7291704809; 2)
(7292217097; 3)
(7292221671; 2)
(7292228532; 3)
(7292251402; 2)
(7292276559; 3)
(7292290281; 2)
(7292297142; 3)
(7292304003; 2)
(7292310864; 3)
(7292313151; 2)
(7292331447; 3)
(7292349743; 2)
(7292352030; 3)
(7292368039; 2)
(7292553286; 3)
(7296388602; 2)
(7296409194; 3)
(7296786714; 2)
(7296789002; 3)
(7296798154; 2)
(7296800442; 3)
(7296805018; 2)
(7296827898; 3)
(7296869082; 2)
(7296871370; 3)
(7296919418; 2)
(7296921706; 3)
(7297550906; 2)
(7297560058; 3)
(7297564634; 2)
(7297566922; 3)
(7297569210; 2)
(7297608106; 3)
(7297644714; 2)
(7297649290; 3)
(7297651578; 2)
(7297656154; 3)
(7297665306; 2)
(7297669882; 3)
(7298301370; 2)
(7298431786; 3)
(7298502714; 2)
(7298507290; 3)
(7298678890; 2)
(7298742954; 3)
(7298749818; 2)
(7298754394; 3)
(7298761258; 2)
(7300490986; 3)
(7300497850; 2)
(7300529882; 3)
(7300532170; 2)
(7300539034; 3)
(7300555050; 2)
(7300733514; 3)
(7300738090; 2)
(7300740378; 3)
(7300751818; 2)
(7300895962; 3)
(7300898250; 2)
(7300900538; 3)
(7301726506; 2)
(7301742522; 3)
(7302195546; 2)
(7302197834; 3)
(7302220714; 2)
(7302531882; 3)
(7302696618; 2)
(7302714922; 3)
(7302726362; 2)
(7302769852; 3)
(7302772141; 2)
(7302792742; 3)
(7302795031; 2)
(7302808765; 3)
(7302813343; 2)
(7303003330; 3)
(7305402202; 2)
(7305409069; 3)
(7305951562; 2)
(7305960718; 3)
(7305979030; 2)
(7305983608; 3)
(7306008787; 2)
(7306022521; 3)
(7306031677; 2)
(7306091191; 3)
(7306095769; 2)
(7306290334; 3)
(7306292623; 2)
(7306301779; 3)
(7306313224; 2)
(7306326958; 3)
(7306336114; 2)
(7306718377; 3)
(7306725244; 2)
(7306748134; 3)
(7306752712; 2)
(7306768735; 3)
(7306871740; 2)
(7306874029; 3)
(7306906075; 2)
(7306908364; 3)
(7306912942; 2)
(7307045704; 3)
(7307052571; 2)
(7307054860; 3)
(7307059438; 2)
(7307064016; 3)
(7307089195; 2)
(7343486672; 3)
(7343491262; 2)
(7343498147; 3)
(7343500442; 2)
(7343532572; 3)
(7343560112; 2)
(7343649617; 3)
(7343651912; 2)
(7343695517; 3)
(7343704697; 2)
(7343706992; 3)
(7343803382; 2)
(7343805677; 3)
(7391509379; 4)
(7391599157; 3)
(7391769505; 4)
(7391810941; 3)
(7391817847; 4)
(7391824753; 3)
(7391829357; 4)
(7391831659; 3)
(7391962873; 4)
(7391972081; 3)
(7391974383; 4)
(7427525604; 5)
(7427532528; 4)
(7427539452; 5)
(7427550992; 4)
(7427553300; 5)
(7427567148; 4)
(7427569456; 5)
(7427571764; 4)
(7427585612; 5)
(7427587920; 4)
(7427604076; 5)
(7427622540; 4)
(7427631772; 5)
(7427634080; 4)
(7427680240; 5)
(7427682548; 4)
(7427811796; 5)
(7427816412; 4)
(7428107220; 5)
(7428144148; 4)
(7428146456; 5)
(7428157996; 4)
(7428169536; 5)
(7428176460; 4)
(7428183384; 5)
(7428185692; 4)
(7428197232; 5)
(7428218004; 4)
(7428220312; 5)
(7428229544; 4)
(7428365716; 5)
(7428478808; 4)
(7428481116; 5)
(7428515736; 4)
(7428536508; 5)
(7428848088; 4)
(7428855012; 5)
(7428873476; 4)
(7428882708; 5)
(7428891940; 4)
(7428931176; 5)
(7428938100; 4)
(7428940408; 5)
(7428942716; 4)
(7456872449; 5)
(7456900205; 4)
(7456902518; 5)
(7457346614; 4)
(7457712068; 5)
(7457714381; 4)
(7457723633; 5)
(7457732885; 4)
(7457744450; 5)
(7457774519; 4)
(7457776832; 5)
(7457818466; 4)
(7457820779; 5)
(7457823092; 4)
(7457827718; 5)
(7457834657; 4)
(7457836970; 5)
(7458445289; 4)
(7458493862; 5)
(7458516992; 4)
(7458563252; 5)
(7459074425; 4)
(7459097555; 5)
(7459099868; 4)
(7459106807; 5)
(7459113746; 4)
(7459116059; 5)
(7473643381; 4)
(7473650326; 5)
(7473652641; 4)
(7475143501; 5)
(7475148131; 4)
(7475150446; 5)
(7475157391; 4)
(7475185171; 5)
(7475187486; 4)
(7475224526; 5)
(7475252306; 4)
(7475254621; 5)
(7475261566; 4)
(7475280086; 5)
(7475282401; 4)
(7484324539; 5)
(7484336124; 4)
(7484352343; 5)
(7484354660; 4)
(7484373196; 5)
(7484445023; 4)
(7489943696; 5)
(7489946014; 4)
(7489950650; 5)
(7490270534; 4)
(7490272852; 5)
(7490335438; 4)
(7490340074; 5)
(7490365572; 4)
(7490372526; 5)
(7490374844; 4)
(7490377162; 5)
(7500189001; 4)
(7500193639; 5)
(7500195958; 4)
(7500198277; 5)
(7500381478; 4)
(7500434815; 5)
(7500453367; 4)
(7500462643; 5)
(7500464962; 4)
(7500467281; 5)
(7500478876; 4)
(7500481195; 5)
(7500495109; 4)
(7500504385; 5)
(7500573955; 4)
(7500611059; 5)
(7500620335; 4)
(7501088773; 5)
(7501093411; 4)
(7501195447; 5)
(7501204723; 4)
(7501253422; 5)
(7501262698; 4)
(7501265017; 5)
(7501269655; 4)
(7501271974; 5)
(7501285888; 4)
(7501299802; 5)
(7501302121; 4)
(7502299476; 5)
(7502424756; 4)
(7502431716; 5)
(7502434036; 4)
(7502438676; 5)
(7502443316; 4)
(7502447956; 5)
(7502459556; 4)
(7502461876; 5)
(7502471156; 4)
(7502805236; 5)
(7502809876; 4)
(7503032596; 5)
(7503041876; 4)
(7503046516; 5)
(7503051156; 4)
(7503058116; 5)
(7503060436; 4)
(7503095236; 5)
(7503188036; 4)
(7503197316; 5)
(7503201956; 4)
(7503227476; 5)
(7503232116; 4)
(7503234436; 5)
(7503236756; 4)
(7503241396; 5)
(7503297076; 4)
(7503299396; 5)
(7503324916; 4)
(7503348116; 5)
(7503355076; 4)
(7503380596; 5)
(7503415396; 4)
(7503417716; 5)
(7503429316; 4)
(7503433956; 5)
(7503457156; 4)
(7503461796; 5)
(7529405034; 6)
(7529470106; 5)
(7529502642; 6)
(7529511938; 5)
(7529788494; 6)
(7529795466; 5)
(7529846594; 6)
(7529848918; 5)
(7529862862; 6)
(7529865186; 5)
(7529874482; 6)
(7529932582; 5)
(7529944202; 6)
(7529948850; 5)
(7529958146; 6)
(7529990682; 5)
(7530023218; 6)
(7530676262; 5)
(7530678586; 6)
(7530743658; 5)
(7530771546; 6)
(7530773870; 5)
(7530820350; 6)
(7530822674; 5)
(7530824998; 6)
(7530834294; 5)
(7530838942; 6)
(7530843590; 5)
(7530845914; 6)
(7530901690; 5)
(7530955142; 6)
(7530987678; 5)
(7530996974; 6)
(7531189866; 5)
(7531194514; 6)
(7531196838; 5)
(7531199162; 6)
(7531227050; 5)
(7531229374; 6)
(7531236346; 5)
(7531259586; 6)
(7531261910; 5)
(7531264234; 6)
(7531271206; 5)
(7531280502; 6)
(7531473394; 5)
(7531478042; 6)
(7531480366; 5)
(7531485014; 6)
(7532488982; 5)
(7532491306; 6)
(7532495954; 5)
(7532507574; 6)
(7532514546; 5)
(7532516870; 6)
(7532523842; 5)
(7532558702; 6)
(7532563350; 5)
(7532567998; 6)
(7532570322; 5)
(7532572646; 6)
(7532586590; 5)
(7536064078; 6)
(7536066403; 5)
(7536075703; 6)
(7536250078; 5)
(7536257053; 6)
(7537198678; 5)
(7537201003; 6)
(7537207978; 5)
(7537212628; 6)
(7537238203; 5)
(7537291678; 6)
(7537298653; 5)
(7537310278; 6)
(7537312603; 5)
(7537321903; 6)
(7537328878; 5)
(7537333528; 6)
(7537398628; 5)
(7537447453; 6)
(7537463728; 5)
(7537466053; 6)
(7537473028; 5)
(7537547428; 6)
(7537570678; 5)
(7537586953; 6)
(7537589278; 5)
(7537591603; 6)
(7537593928; 5)
(7538147278; 6)
(7538172853; 5)
(7538256553; 6)
(7538261203; 5)
(7538268178; 6)
(7538337928; 5)
(7538340253; 6)
(7538423953; 5)
(7538430928; 6)
(7538872678; 5)
(7538875003; 6)
(7538905228; 5)
(7538916853; 6)
(7538921503; 5)
(7539147028; 6)
(7539154003; 5)
(7539156328; 6)
(7539163303; 5)
(7539186553; 6)
(7539198178; 5)
(7539207478; 6)
(7539209803; 5)
(7539214453; 6)
(7539216778; 5)
(7539298153; 6)
(7539302803; 5)
(7539305128; 6)
(7539312103; 5)
(7539337678; 6)
(7539349303; 5)
(7539353953; 6)
(7539360928; 5)
(7539363253; 6)
(7539370228; 5)
(7539374878; 6)
(7539379528; 5)
(7539381853; 6)
(7539391153; 5)
(7539493453; 6)
(7539512053; 5)
(7539514378; 6)
(7539516703; 5)
(7539526003; 6)
(7539579478; 5)
(7539600403; 6)
(7539619003; 5)
(7539635278; 6)
(7539651553; 5)
(7539653878; 6)
(7539656203; 5)
(7539663178; 6)
(7539693403; 5)
(7539695728; 6)
(7539730603; 5)
(7539732928; 6)
(7539739903; 5)
(7539742228; 6)
(7539811978; 5)
(7539814303; 6)
(7539818953; 5)
(7539821278; 6)
(7539835228; 5)
(7539874753; 6)
(7539884053; 5)
(7539886378; 6)
(7539891028; 5)
(7539895678; 6)
(7539902653; 5)
(7539904978; 6)
(7540028203; 5)
(7540032853; 6)
(7540035178; 5)
(7540039828; 6)
(7540056103; 5)
(7540058428; 6)
(7540084003; 5)
(7540158403; 6)
(7540160728; 5)
(7540190953; 6)
(7540200253; 5)
(7540346728; 6)
(7540349053; 5)
(7540379278; 6)
(7540381603; 5)
(7568792966; 6)
(7568928106; 5)
(7568942086; 6)
(7568981696; 5)
(7568986356; 6)
(7569004996; 5)
(7569091206; 6)
(7569114506; 5)
(7569116836; 6)
(7569126156; 5)
(7569133146; 6)
(7569158776; 5)
(7576397137; 6)
(7576401799; 5)
(7576404130; 6)
(7576481053; 5)
(7576488046; 6)
(7576562638; 5)
(7576581286; 6)
(7580649298; 5)
(7580651630; 6)
(7580656294; 5)
(7580658626; 6)
(7580674950; 5)
(7580737914; 6)
(7580751906; 5)
(7583944414; 6)
(7583953742; 5)
(7583972398; 6)
(7583977062; 5)
(7584014374; 6)
(7584019038; 5)
(7584823578; 6)
(7586687064; 5)
(7586694063; 6)
(7586698729; 5)
(7586869038; 6)
(7586876037; 5)
(7586880703; 6)
(7589118050; 5)
(7589125049; 6)
(7589139047; 5)
(7589153045; 6)
(7589155378; 5)
(7589157711; 6)
(7589199705; 5)
(7589213703; 6)
(7589379346; 5)
(7589381679; 6)
(7589461001; 5)
(7589479665; 6)
(7589481998; 5)
(7589551988; 6)
(7589554321; 5)
(7589610313; 6)
(7589612646; 5)
(7589614979; 6)
(7589617312; 5)
(7589631310; 6)
(7589703633; 5)
(7589705966; 6)
(7589719964; 5)
(7590020921; 6)
(7590100243; 5)
(7591546703; 6)
(7591553702; 5)
(7592069295; 6)
(7592071628; 5)
(7594062268; 6)
(7594153294; 5)
(7594157962; 6)
(7594879168; 5)
(7595614378; 6)
(7595635384; 5)
(7595724076; 6)
(7595726410; 5)
(7595728744; 6)
(7595733412; 5)
(7595735746; 6)
(7595738080; 5)
(7595822104; 6)
(7595903794; 5)
(7595908462; 6)
(7595913130; 5)
(7595915464; 6)
(7595917798; 5)
(7595920132; 6)
(7596300574; 5)
(7596302908; 6)
(7596312244; 5)
(7596314578; 6)
(7596316912; 5)
(7596326248; 6)
(7634786441; 5)
(7634788781; 6)
(7634791121; 5)
(7634887061; 6)
(7634896421; 5)
(7635366761; 6)
(7635378461; 5)
(7635383141; 6)
(7635404201; 5)
(7635406541; 6)
(7635408881; 5)
(7635427601; 6)
(7637671661; 5)
(7637709101; 6)
(7638933194; 5)
(7638935535; 6)
(7638940217; 5)
(7638942558; 6)
(7638975332; 5)
(7638980014; 6)
(7638982355; 5)
(7638984696; 6)
(7639008106; 5)
(7639010447; 6)
(7639012788; 5)
(7639015129; 6)
(7639022152; 5)
(7639026834; 6)
(7639075995; 5)
(7639106428; 6)
(7639111110; 5)
(7639132179; 6)
(7639134520; 5)
(7639136861; 6)
(7639139202; 5)
(7639211773; 6)
(7639279662; 5)
(7639282003; 6)
(7639310095; 5)
(7639317118; 6)
(7639319459; 5)
(7639331164; 6)
(7639335846; 5)
(7639338187; 6)
(7639340528; 5)
(7639490352; 6)
(7640520392; 5)
(7640522733; 6)
(7640546143; 5)
(7640571894; 6)
(7640576576; 5)
(7640578917; 6)
(7640581258; 5)
(7640585940; 6)
(7640588281; 5)
(7640599986; 6)
(7640653829; 5)
(7640656170; 6)
(7640658511; 5)
(7640663193; 6)
(7640665534; 5)
(7640667875; 6)
(7672780704; 5)
(7672792434; 6)
(7673160756; 5)
(7673174832; 6)
(7673177178; 5)
(7673254596; 6)
(7673256942; 5)
(7673261634; 6)
(7673353128; 5)
(7673355474; 6)
(7673357820; 5)
(7673360166; 6)
(7673378934; 5)
(7673383626; 6)
(7673388318; 5)
(7673390664; 6)
(7673400048; 5)
(7673411778; 6)
(7673660454; 5)
(7674054582; 6)
(7674073350; 5)
(7674075696; 6)
(7674078042; 5)
(7674080388; 6)
(7674099156; 5)
(7674108540; 6)
(7674113232; 5)
(7674120270; 6)
(7674129654; 5)
(7674132000; 6)
(7674688002; 5)
(7674690348; 6)
(7674697386; 5)
(7674751344; 6)
(7674760728; 5)
(7674767766; 6)
(7674770112; 5)
(7674772458; 6)
(7674781842; 5)
(7674852222; 6)
(7674856914; 5)
(7674859260; 6)
(7674863952; 5)
(7675164240; 6)
(7675194738; 5)
(7675215852; 6)
(7675227582; 5)
(7675326114; 6)
(7675335498; 5)
(7675337844; 6)
(7675349574; 5)
(7675405878; 6)
(7675410570; 5)
(7675424646; 6)
(7675426992; 5)
(7675431684; 6)
(7675443414; 5)
(7675448106; 6)
(7675487988; 5)
(7675490334; 6)
(7675492680; 5)
(7675504410; 6)
(7675509102; 5)
(7675527870; 6)
(7675530216; 5)
(7675541946; 6)
(7675558368; 5)
(7675565406; 6)
(7675577136; 5)
(7675579482; 6)
(7675821120; 5)
(7694177441; 4)
(7694179790; 5)
(7694184488; 4)
(7694238515; 5)
(7694247911; 4)
(7694250260; 5)
(7694252609; 4)
(7694259656; 5)
(7694262005; 4)
(7694276099; 5)
(7694299589; 4)
(7694301938; 5)
(7694320730; 4)
(7694325428; 5)
(7694339522; 4)
(7694341871; 5)
(7694421737; 4)
(7694424086; 5)
(7694431133; 4)
(7694433482; 5)
(7694440529; 4)
(7694478113; 5)
(7694480462; 4)
(7694513348; 5)
(7716450494; 4)
(7716742142; 5)
(7716749198; 4)
(7716756254; 5)
(7716760958; 4)
(7716765662; 5)
(7716805647; 4)
(7716815059; 5)
(7716819765; 4)
(7736796073; 5)
(7736807853; 4)
(7736810209; 5)
(7736833769; 4)
(7736836125; 5)
(7736862041; 4)
(7736878533; 5)
(7737099997; 4)
(7737102353; 5)
(7737132981; 4)
(7737140049; 5)
(7738490037; 4)
(7738515953; 5)
(7738539513; 4)
(7738541869; 5)
(7738546581; 4)
(7738560717; 5)
(7738581921; 4)
(7738600769; 5)
(7738636109; 4)
(7738638465; 5)
(7738669093; 4)
(7738751553; 5)
(7738768045; 4)
(7738770401; 5)
(7738824589; 4)
(7738831657; 5)
(7738848149; 4)
(7738855217; 5)
(7738864641; 4)
(7738899981; 5)
(7741239489; 4)
(7741263049; 5)
(7741300745; 4)
(7741303101; 5)
(7741364357; 4)
(7741373781; 5)
(7741418545; 4)
(7741493937; 5)
(7741496293; 4)
(7741498649; 5)
(7741505717; 4)
(7741510429; 5)
(7741555193; 4)
(7741562261; 5)
(7741588177; 4)
(7741590533; 5)
(7741595245; 4)
(7741680061; 5)
(7741682417; 4)
(7741687129; 5)
(7741694197; 4)
(7742219585; 5)
(7742264349; 4)
(7742266705; 5)
(7742335029; 4)
(7742360945; 5)
(7742393929; 4)
(7742403353; 5)
(7742695497; 4)
(7742700209; 5)
(7742721413; 4)
(7742723769; 5)
(7742726125; 4)
(7742761465; 5)
(7742839213; 4)
(7742860417; 5)
(7742872197; 4)
(7742947589; 5)
(7742987641; 4)
(7742992353; 5)
(7743001777; 4)
(7743004133; 5)
(7743046541; 4)
(7743051253; 5)
(7743067747; 4)
(7743107816; 5)
(7743112530; 4)
(7743114887; 5)
(7743154956; 4)
(7743162027; 5)
(7743166741; 4)
(7743173812; 5)
(7743176169; 4)
(7743178526; 5)
(7743195025; 4)
(7743197382; 5)
(7743206810; 4)
(7743220952; 5)
(7743228023; 4)
(7743235094; 5)
(7743237451; 4)
(7743239808; 5)
(7743244522; 4)
(7743411869; 5)
(7744055330; 4)
(7744057687; 5)
(7744060044; 4)
(7744067115; 5)
(7744076543; 4)
(7744078900; 5)
(7744097756; 4)
(7744100113; 5)
(7744107184; 4)
(7744109541; 5)
(7744196750; 4)
(7744210892; 5)
(7744215606; 4)
(7744217963; 5)
(7764914065; 6)
(7764940025; 5)
(7764956545; 6)
(7764961265; 5)
(7765027345; 6)
(7765029705; 5)
(7765199625; 6)
(7765244465; 5)
(7765246825; 6)
(7765466305; 5)
(7765482825; 6)
(7765485185; 5)
(7765555985; 6)
(7765558345; 5)
(7765565425; 6)
(7765567785; 5)
(7765707025; 6)
(7765709385; 5)
(7765714105; 6)
(7765732985; 5)
(7765787265; 6)
(7765794345; 5)
(7765806145; 6)
(7765820305; 5)
(7765865145; 6)
(7765867505; 5)
(7765874585; 6)
(7765876945; 5)
(7765947745; 6)
(7766754865; 5)
(7766769025; 6)
(7766773745; 5)
(7766794985; 6)
(7766981425; 5)
(7766983785; 6)
(7766986145; 5)
(7767023905; 6)
(7767026265; 5)
(7767030985; 6)
(7767035705; 5)
(7767038065; 6)
(7767049865; 5)
(7767056945; 6)
(7767059305; 5)
(7767071105; 6)
(7767085265; 5)
(7767094705; 6)
(7767139545; 5)
(7787518677; 6)
(7787537581; 5)
(7787542307; 6)
(7787549396; 5)
(7787558848; 6)
(7787610834; 5)
(7787613197; 6)
(7787617923; 5)
(7787636827; 6)
(7787646279; 5)
(7787662820; 6)
(7787875490; 5)
(7787877853; 6)
(7788539493; 5)
(7788551308; 6)
(7788567849; 5)
(7788615109; 6)
(7788622198; 5)
(7790409170; 6)
(7790423354; 5)
(7790446994; 6)
(7790449358; 5)
(7790480090; 6)
(7799318246; 7)
(7799320611; 6)
(7799341896; 7)
(7799344261; 6)
(7799914226; 7)
(7799916591; 6)
(7799921321; 7)
(7799923686; 6)
(7799926051; 7)
(7799933146; 6)
(7799944971; 7)
(7799959161; 6)
(7799982811; 7)
(7799997001; 6)
(7800013556; 7)
(7844771898; 8)
(7844776642; 7)
(7845144302; 8)
(7845941294; 7)
(7845946038; 8)
(7845976874; 7)
(7845979246; 8)
(7846038546; 7)
(7846040918; 8)
(7846048034; 7)
(7846081242; 8)
(7846911442; 7)
(7850887902; 8)
(7856878078; 7)
(7856880452; 8)
(7883310719; 9)
(7883313097; 8)
(7883315475; 9)
(7883317853; 8)
(7883322609; 9)
(7883334499; 8)
(7883336877; 9)
(7883341633; 8)
(7883379681; 9)
(7883384437; 8)
(7883401083; 9)
(7883415351; 8)
(7883424863; 9)
(7883427241; 8)
(7883429619; 9)
(7883462911; 8)
(7883465289; 9)
(7883467667; 8)
(7883470045; 9)
(7883472423; 8)
(7883477179; 9)
(7883481935; 8)
(7883505715; 9)
(7883508093; 8)
(7883512849; 9)
(7883786319; 8)
(7883788697; 9)
(7883791075; 8)
(7883997961; 9)
(7884005095; 8)
(7884009851; 9)
(7884261919; 8)
(7884292833; 9)
(7884297589; 8)
(7884392709; 9)
(7884395087; 8)
(7884437891; 9)
(7884466427; 8)
(7884473561; 9)
(7884478317; 8)
(7886228525; 9)
(7886230903; 8)
(7886233281; 9)
(7886815891; 8)
(7886820647; 9)
(7886837293; 8)
(7886846805; 9)
(7887120275; 8)
(7887122653; 9)
(7887125031; 8)
(7887167835; 9)
(7887510267; 8)
(7887515023; 9)
(7887519779; 8)
(7887524535; 9)
(7887600631; 8)
(7887648191; 9)
(7887731421; 8)
(7887733799; 9)
(7888119035; 8)
(7888130925; 9)
(7888133303; 8)
(7888140437; 9)
(7888142815; 8)
(7888701821; 9)
(7904046497; 10)
(7904048878; 9)
(7904051259; 10)
(7904053640; 9)
(7904060783; 10)
(7904065545; 9)
(7904067926; 10)
(7904439362; 9)
(7904489363; 10)
(7904827465; 9)
(7904839370; 10)
(7905541765; 9)
(7905544146; 10)
(7905546527; 9)
(7905917963; 10)
(7906260827; 9)
(7906263208; 10)
(7933513331; 9)
(7933522871; 10)
(7933530026; 9)
(7933599191; 10)
(7933611116; 9)
(7933630196; 10)
(7933682666; 9)
(7933687436; 10)
(7933692206; 9)
(7933701746; 10)
(7933725596; 9)
(7933727981; 10)
(7933747061; 9)
(7944666325; 10)
(7944675873; 9)
(7944678260; 10)
(7944716452; 9)
(7944721226; 10)
(7944730774; 9)
(7944747483; 10)
(7944749870; 9)
(7944759418; 10)
(7944876381; 9)
(7944878768; 10)
(7944881155; 9)
(7944883542; 10)
(7944888316; 9)
(7944893090; 10)
(7944909799; 9)
(7944912186; 10)
(7944931282; 9)
(7944933669; 10)
(7944936056; 9)
(7944940830; 10)
(7944943217; 9)
(7944947991; 10)
(7944952765; 9)
(7944955152; 10)
(7944964700; 9)
(7944974248; 10)
(7944976635; 9)
(7944986183; 10)
(7945088824; 9)
(7945095985; 10)
(7945103146; 9)
(7945107920; 10)
(7945115081; 9)
(7945272623; 10)
(7945301267; 9)
(7945303654; 10)
(7945329911; 9)
(7946743015; 10)
(7946745402; 9)
(7947590400; 10)
(7947609496; 9)
(7947719298; 10)
(7947790908; 9)
(7947793295; 10)
(7947798069; 9)
(7947831487; 10)
(7947836261; 9)
(7947843422; 10)
(7947845809; 9)
(7947848196; 10)
(7947852970; 9)
(7947855357; 10)
(7947857744; 9)
(7947938902; 10)
(7948103615; 9)
(7948165703; 10)
(7948175255; 9)
(7948177643; 10)
(7948211075; 9)
(7948213463; 10)
(7948220627; 9)
(7948223015; 10)
(7948703003; 9)
(7948824791; 10)
(7949297615; 9)
(7949300003; 10)
(7949302391; 9)
(7949304779; 10)
(7949331047; 9)
(7949335823; 10)
(7949338211; 9)
(7949741783; 10)
(7949753723; 9)
(7949758499; 10)
(7949820587; 9)
(7949892227; 10)
(7949904167; 9)
(7949906555; 10)
(7950035507; 9)
(7950056999; 10)
(7987498481; 9)
(7987543948; 10)
(7987986653; 9)
(7987989046; 10)
(7987998618; 9)
(7988003404; 10)
(7988005797; 9)
(7988015369; 10)
(7988029727; 9)
(7988032120; 10)
(7988039299; 9)
(7988065622; 10)
(7988072802; 9)
(7988075196; 10)
(7988099136; 9)
(7988101530; 10)
(7988147016; 9)
(7988151804; 10)
(7988158986; 9)
(7988163774; 10)
(7988168562; 9)
(7988170956; 10)
(7988182926; 9)
(7988211654; 10)
(7988214048; 9)
(7988218836; 10)
(7988357688; 9)
(7988403174; 10)
(7988597088; 9)
(7988599482; 10)
