(28000000001; 12)
(28409889355; 11)
(28410273045; 12)
(28410345269; 11)
(28410354297; 12)
(28415523502; 11)
(28415586712; 12)
(28415645407; 11)
(28415649922; 12)
(28415749252; 11)
(28415753767; 12)
(28415762797; 11)
(28415767312; 12)
(28415821492; 11)
(28415826007; 12)
(28415916307; 11)
(28415920822; 12)
(28415961457; 11)
(28416110452; 12)
(28416133027; 11)
(28416146572; 12)
(28416151087; 11)
(28416191722; 12)
(28416394897; 11)
(28416431017; 12)
(28416566467; 11)
(28416570982; 12)
(28416575497; 11)
(28416620647; 12)
(28416625162; 11)
(28416629677; 12)
(28416656767; 11)
(28416882517; 12)
(28416954757; 11)
(28417013452; 12)
(28417017967; 11)
(28417026997; 12)
(28417036027; 11)
(28417040542; 12)
(28417148902; 11)
(28417189537; 12)
(28417216627; 11)
(28417230172; 12)
(28417239202; 11)
(28417261777; 12)
(28417266292; 11)
(28417270807; 12)
(28417284352; 11)
(28417568797; 12)
(28417573312; 11)
(28417758427; 12)
(28417762942; 11)
(28417925482; 12)
(28417943542; 11)
(28417948057; 12)
(28418354407; 11)
(28418363437; 12)
(28418413102; 11)
(28418480827; 12)
(28418503402; 11)
(28418693032; 12)
(28418715607; 11)
(28418751727; 12)
(28419216772; 11)
(28419221287; 12)
(28419225802; 11)
(28419537337; 12)
(28419541852; 11)
(28419555397; 12)
(28419573457; 11)
(28419582487; 12)
(28419591517; 11)
(28419605062; 12)
(28419645697; 11)
(28419835327; 12)
(28419839842; 11)
(28419866932; 12)
(28419875962; 11)
(28506491593; 12)
(28506496115; 11)
(28506500637; 12)
(28506514203; 11)
(28506541335; 12)
(28507002579; 11)
(28507007101; 12)
(28507020667; 11)
(28507025189; 12)
(28507034233; 11)
(28507043277; 12)
(28507047799; 11)
(28507088497; 12)
(28507115629; 11)
(28507120151; 12)
(28507133717; 11)
(28507142761; 12)
(28507355295; 11)
(28507373383; 12)
(28507405037; 11)
(28507418603; 12)
(28507513565; 11)
(28507518087; 12)
(28507527131; 11)
(28507545219; 12)
(28507590439; 11)
(28507599483; 12)
(28507631137; 11)
(28507689923; 12)
(28507839149; 11)
(28511099511; 12)
(28511104033; 11)
(28511217083; 12)
(28511235171; 11)
(28511239693; 12)
(28511244215; 11)
(28512116961; 12)
(28512284275; 11)
(28512288797; 12)
(28512293319; 11)
(28512297841; 12)
(28512302363; 11)
(28543475144; 12)
(28543497769; 11)
(28543502294; 12)
(28543556594; 11)
(28544402769; 12)
(28544407294; 11)
(28544470644; 12)
(28544475169; 11)
(28544543044; 12)
(28544696894; 11)
(28544778344; 12)
(28544832644; 11)
(28544841694; 12)
(28545049844; 11)
(28545072469; 12)
(28545076994; 11)
(28545081519; 12)
(28545325869; 11)
(28545380169; 12)
(28545393744; 11)
(28545601894; 12)
(28545624519; 11)
(28545656194; 12)
(28545746694; 11)
(28545751219; 12)
(28545769319; 11)
(28545782894; 12)
(28545791944; 11)
(28545814569; 12)
(28545819094; 11)
(28545823619; 12)
(28597786101; 11)
(28597813275; 12)
(28597817804; 11)
(28600675603; 12)
(28600693719; 11)
(28600698248; 12)
(28600748067; 11)
(28600757125; 12)
(28600761654; 11)
(28600766183; 12)
(28600793357; 11)
(28600806944; 12)
(28601074155; 11)
(28601083213; 12)
(28601092271; 11)
(28601123974; 12)
(28601133032; 11)
(28601237199; 12)
(28604303934; 11)
(28604312994; 12)
(28604340174; 11)
(28622371376; 12)
(28622602457; 11)
(28622670422; 12)
(28622679484; 11)
(28622688546; 12)
(28622711201; 11)
(28623037433; 12)
(28623041964; 11)
(28623390851; 12)
(28623535843; 11)
(28623662711; 12)
(28623671773; 11)
(28623676304; 12)
(28623789579; 11)
(28623794110; 12)
(28623830358; 11)
(28623911916; 12)
(28623916447; 11)
(28624056908; 12)
(28624079563; 11)
(28624084094; 12)
(28624097687; 11)
(28624256272; 12)
(28624278927; 11)
(28624283458; 12)
(28624287989; 11)
(28624292520; 12)
(28624297051; 11)
(28624360485; 12)
(28624369547; 11)
(28624491884; 12)
(28624500946; 11)
(28624636876; 12)
(28624641407; 11)
(28624700310; 12)
(28624709372; 11)
(28624799992; 12)
(28624804523; 11)
(28625547607; 12)
(28625552138; 11)
(28625615572; 12)
(28625624634; 11)
(28625642758; 12)
(28625669944; 11)
(28625692599; 12)
(28625697130; 11)
(28625737909; 12)
(28632526602; 11)
(28632544730; 12)
(28632562858; 11)
(28632966206; 12)
(28632984334; 11)
(28633315170; 12)
(28633328766; 11)
(28634493490; 12)
(28634498022; 11)
(28635386294; 12)
(28635757918; 11)
(28635776046; 12)
(28635789642; 11)
(28635794174; 12)
(28635812302; 11)
(28635839494; 12)
(28635848558; 11)
(28635970922; 12)
(28636029838; 11)
(28638717314; 12)
(28638821550; 11)
(28638844210; 12)
(28638903126; 11)
(28638912190; 12)
(28638916722; 11)
(28638921254; 12)
(28638939382; 11)
(28639007362; 12)
(28639011894; 11)
(28639025490; 12)
(28639034554; 11)
(28639079874; 12)
(28639088938; 11)
(28639098002; 12)
(28639211302; 11)
(28639274750; 12)
(28639306474; 11)
(28639311006; 12)
(28639315538; 11)
(28639320070; 12)
(28639360858; 11)
(28639383518; 12)
(28640639139; 11)
(28640643672; 12)
(28640652738; 11)
(28642135029; 12)
(28642153161; 11)
(28642157694; 12)
(28642837644; 11)
(28642864842; 12)
(28642869375; 11)
(28642878441; 12)
(28643164020; 11)
(28643173086; 12)
(28643209350; 11)
(28643222949; 12)
(28643227482; 11)
(28643245614; 12)
(28643254680; 11)
(28643281878; 12)
(28643286411; 11)
(28643463198; 12)
(28643467731; 11)
(28643553858; 12)
(28644483123; 11)
(28645167606; 12)
(28645172139; 11)
(28645181205; 12)
(28645190271; 11)
(28645194804; 12)
(28645208403; 11)
(28645217469; 12)
(28645222002; 11)
(28645226535; 12)
(28645376124; 11)
(28645389723; 12)
(28645394256; 11)
(28645412388; 12)
(28645425987; 11)
(28645430520; 12)
(28645439586; 11)
(28645444119; 12)
(28645453185; 11)
(28645512114; 12)
(28645611840; 11)
(28645670769; 12)
(28646717892; 11)
(28646930943; 12)
(28646944542; 11)
(28646962674; 12)
(28646967207; 11)
(28646976273; 12)
(28646994405; 11)
(28646998938; 12)
(28647017070; 11)
(28647021603; 12)
(28647026136; 11)
(28647085065; 12)
(28647320781; 11)
(28648422300; 12)
(28648485762; 11)
(28649201976; 12)
(28649365164; 11)
(28649369697; 12)
(28649428626; 11)
(28649437692; 12)
(28649442225; 11)
(28651015176; 12)
(28651024242; 11)
(28651051440; 12)
(28651060506; 11)
(28651065039; 12)
(28651069572; 11)
(28651078638; 12)
(28651105836; 11)
(28651119435; 12)
(28651151166; 11)
(28651191963; 12)
(28651205562; 11)
(28651318887; 12)
(28651327953; 11)
(28651812984; 12)
(28651867380; 11)
(28652021502; 12)
(28658446161; 11)
(28658450695; 12)
(28672181286; 11)
(28672194891; 12)
(28672249311; 11)
(28672258381; 12)
(28672276521; 11)
(28805231297; 12)
(28807440653; 11)
(28807445199; 12)
(28808545331; 11)
(28808790815; 12)
(28808799907; 11)
(28808808999; 12)
(28810050057; 11)
(28810068241; 12)
(28810077333; 11)
(28810081879; 12)
(28810095517; 11)
(28810104609; 12)
(28810118247; 11)
(28810122793; 12)
(28810131885; 11)
(28810136431; 12)
(28810140977; 11)
(28810159161; 12)
(28810163707; 11)
(28810222805; 12)
(28810263719; 11)
(28810681951; 12)
(28811072907; 11)
(28811077453; 12)
(28811113821; 11)
(28811118367; 12)
(28811127459; 11)
(28811132005; 12)
(28811154735; 11)
(28811445679; 12)
(28811454771; 11)
(28811463863; 12)
(28811472955; 11)
(28811477501; 12)
(28811495685; 11)
(28811859365; 12)
(28811863911; 11)
(28811868457; 12)
(28811877549; 11)
(28811932101; 12)
(28812018475; 11)
(28812027567; 12)
(28812036659; 11)
(28812050297; 12)
(28812054843; 11)
(28812059389; 12)
(28812063935; 11)
(28812068481; 12)
(28812095757; 11)
(28812191223; 12)
(28812232137; 11)
(28812241229; 12)
(28812254867; 11)
(28812327603; 12)
(28812559449; 11)
(28813427735; 12)
(28813432281; 11)
(28813445919; 12)
(28813464103; 11)
(28813468649; 12)
(28868463414; 11)
(28868481618; 12)
(28868486169; 11)
(28868508924; 12)
(28868545332; 11)
(28868572638; 12)
(28868577189; 11)
(28879799955; 12)
(28880059362; 11)
(28880063914; 12)
(28880068466; 11)
(28880077570; 12)
(28880127642; 11)
(28880141298; 12)
(28880177714; 11)
(28880182266; 12)
(28880186818; 11)
(28880223234; 12)
(28880232338; 11)
(28880391658; 12)
(28880455386; 11)
(28880505458; 12)
(28880510010; 11)
(28880528218; 12)
(28880541874; 11)
(28880569186; 12)
(28880573738; 11)
(28880578290; 12)
(28881343026; 11)
(28881352130; 12)
(28881675322; 11)
(28881684426; 12)
(28881766362; 11)
(28883405082; 12)
(28883427842; 11)
(28883432394; 12)
(28883436946; 11)
(28883446050; 12)
(28883455154; 11)
(28884383762; 12)
(28884388314; 11)
(28884406522; 12)
(28885403410; 11)
(28885412514; 12)
(28885448930; 11)
(28885458034; 12)
(28885462586; 11)
(28885662874; 12)
(28885722050; 11)
(28885731154; 12)
(28885794882; 11)
(28885803986; 12)
(28885813090; 11)
(28885817642; 12)
(28885822194; 11)
(28889600354; 12)
(28889650426; 11)
(28889664082; 12)
(28889668634; 11)
(28889673186; 12)
(28889677738; 11)
(28889700498; 12)
(28889755122; 11)
(28889773330; 12)
(28889777882; 11)
(28889791538; 12)
(28889923546; 11)
(28889928098; 12)
(28889991826; 11)
(28890046450; 12)
(28890105626; 11)
(28890123834; 12)
(28890228530; 11)
(28890264946; 12)
(28890269498; 11)
(28890278602; 12)
(28890283154; 11)
(28890296810; 12)
(28890651866; 11)
(28890670074; 12)
(28890674626; 11)
(28890683730; 12)
(28890729250; 11)
(28890733802; 12)
(28890742906; 11)
(28891093410; 12)
(28891097962; 11)
(28891116170; 12)
(28891120722; 11)
(28891152586; 12)
(28891157138; 11)
(28891284594; 12)
(28891289146; 11)
(28891302802; 12)
(28891311906; 11)
(28891316458; 12)
(28928157099; 11)
(28928161654; 12)
(28928166209; 11)
(28928439509; 12)
(28928466839; 11)
(28928471394; 12)
(28928526054; 11)
(28928530609; 12)
(28928535164; 11)
(28937961023; 12)
(28937983803; 11)
(28938093147; 12)
(28940967983; 11)
(28940977095; 12)
(28941008987; 11)
(28941018099; 12)
(28941077327; 11)
(28941090995; 12)
(28941127443; 11)
(28941131999; 12)
(28941145667; 11)
(28941150223; 12)
(28941163891; 11)
(28941168447; 12)
(28956479499; 11)
(28956821349; 12)
(28956825907; 11)
(28956830465; 12)
(28956844139; 11)
(28956871487; 12)
(28956885161; 11)
(28956889719; 12)
(28956903393; 11)
(28958006429; 12)
(28958024661; 11)
(28958029219; 12)
(28958093031; 11)
