(11000000001; 8)
(11106429097; 9)
(11106431919; 8)
(11106443207; 9)
(11106601239; 8)
(11106604061; 9)
(11106787491; 8)
(11106790313; 9)
(11106877795; 8)
(11106880617; 9)
(11106990675; 8)
(11106999141; 9)
(11107001963; 8)
(11107013251; 9)
(11107027361; 8)
(11107030183; 9)
(11107035827; 8)
(11107100733; 9)
(11107140241; 8)
(11107171283; 9)
(11107174105; 8)
(11107185393; 9)
(11107188215; 8)
(11107191037; 9)
(11107284163; 8)
(11107744244; 9)
(11111134667; 8)
(11111137490; 9)
(11111143136; 8)
(11111154428; 9)
(11111157251; 8)
(11111165720; 9)
(11111171366; 8)
(11111188304; 9)
(11111264525; 8)
(11111295578; 9)
(11111416967; 8)
(11111453666; 9)
(11111456489; 8)
(11111459312; 9)
(11111462135; 8)
(11112320327; 9)
(11112331619; 8)
(11112337265; 9)
(11112345734; 8)
(11144467744; 9)
(11144798503; 8)
(11144801330; 9)
(11144812638; 8)
(11145369557; 9)
(11145375211; 8)
(11145406308; 9)
(11145409135; 8)
(11145417616; 9)
(11145471329; 8)
(11145474156; 9)
(11145570274; 8)
(11145573101; 9)
(11145635295; 8)
(11145638122; 9)
(11145892552; 8)
(11145898206; 9)
(11145974535; 8)
(11145977362; 9)
(11145983016; 8)
(11145985843; 9)
(11145988670; 8)
(11145994324; 9)
(11146031075; 8)
(11146036729; 9)
(11146039556; 8)
(11146042383; 9)
(11146048037; 8)
(11146050864; 9)
(11146084788; 8)
(11146087615; 9)
(11147091283; 8)
(11147733239; 9)
(11148383679; 8)
(11148457207; 9)
(11148485487; 8)
(11148488315; 9)
(11148889891; 8)
(11148909687; 9)
(11148915343; 8)
(11149073711; 9)
(11149076539; 8)
(11149085023; 9)
(11149087851; 8)
(11149090679; 9)
(11149184003; 8)
(11149240563; 9)
(11149243391; 8)
(11149280155; 9)
(11149297123; 8)
(11149673247; 9)
(11150417011; 8)
(11150419839; 9)
(11150646079; 8)
(11150648907; 9)
(11150651735; 8)
(11150764855; 9)
(11150790307; 8)
(11150795963; 9)
(11151073107; 8)
(11151075935; 9)
(11151081591; 8)
(11151092903; 9)
(11151101387; 8)
(11151112699; 9)
(11151118355; 8)
(11151126839; 9)
(11151132495; 8)
(11151138151; 9)
(11151149463; 8)
(11151163603; 9)
(11151166431; 8)
(11151169259; 9)
(11151174915; 8)
(11151177743; 9)
(11151197539; 8)
(11155521827; 9)
(11156081969; 8)
(11156093285; 9)
(11156096114; 8)
(11156098943; 9)
(11156113088; 8)
(11156118746; 9)
(11156155523; 8)
(11156172497; 9)
(11156183813; 8)
(11156186642; 9)
(11156260196; 8)
(11156265854; 9)
(11156291315; 8)
(11156296973; 9)
(11156308289; 8)
(11156311118; 9)
(11156452568; 8)
(11156500661; 9)
(11156925011; 8)
(11156927840; 9)
(11156953301; 8)
(11156956130; 9)
(11157151331; 8)
(11157154160; 9)
(11157156989; 8)
(11157162647; 9)
(11157264491; 8)
(11157270149; 9)
(11157284294; 8)
(11157289952; 9)
(11157295610; 8)
(11157298439; 9)
(11157304097; 8)
(11157309755; 9)
(11157312584; 8)
(11157420086; 9)
(11157434231; 8)
(11157442718; 9)
(11157445547; 8)
(11158427210; 9)
(11158430039; 8)
(11158432868; 9)
(11158449842; 8)
(11158599779; 9)
(11158602608; 8)
(11158611095; 9)
(11158698794; 8)
(11158718597; 9)
(11158721426; 8)
(11158729913; 9)
(11158746887; 8)
(11158792151; 9)
(11158843073; 8)
(11158919456; 9)
(11158925114; 8)
(11158978865; 9)
(11158981694; 8)
(11158984523; 9)
(11158987352; 8)
(11158998668; 9)
(11159077880; 8)
(11159080709; 9)
(11163148995; 8)
(11163151825; 9)
(11163154655; 8)
(11163157485; 9)
(11163216915; 8)
(11163225405; 9)
(11163231065; 8)
(11163233895; 9)
(11163239555; 8)
(11163248045; 9)
(11163273515; 8)
(11165492235; 9)
(11165497895; 8)
(11165509215; 9)
(11165529025; 8)
(11165531855; 9)
(11165540345; 8)
(11165543175; 9)
(11165548835; 8)
(11165560155; 9)
(11165565815; 8)
(11165577135; 9)
(11165582795; 8)
(11165599775; 9)
(11165633735; 8)
(11165636565; 9)
(11165656375; 8)
(11165662035; 9)
(11165673355; 8)
(11165676185; 9)
(11165792215; 8)
(11165795045; 9)
(11165902585; 8)
(11165913905; 9)
(11165919565; 8)
(11165922395; 9)
(11165933715; 8)
(11165936545; 9)
(11165939375; 8)
(11165942205; 9)
(11165945035; 8)
(11165947865; 9)
(11165967675; 8)
(11165981825; 9)
(11165990315; 8)
(11165995975; 9)
(11165998805; 8)
(11166007295; 9)
(11166010125; 8)
(11166015785; 9)
(11166035595; 8)
(11166041255; 9)
(11166044085; 8)
(11166103515; 9)
(11166168605; 8)
(11166177095; 9)
(11166182755; 8)
(11225943017; 9)
(11226039509; 8)
(11226042347; 9)
(11226084917; 8)
(11226087755; 9)
(11226116135; 8)
(11269109313; 9)
(11269143429; 8)
(11269254306; 9)
(11269521548; 8)
(11269524391; 9)
(11271102256; 8)
(11271105099; 9)
(11271133529; 8)
(11271161959; 9)
(11271167645; 8)
(11271198918; 9)
(11271201761; 8)
(11271235877; 9)
(11271247249; 8)
(11271272836; 9)
(11271275679; 8)
(11271278522; 9)
(11271306952; 8)
(11271318324; 9)
(11271321167; 8)
(11271329696; 9)
(11271341068; 8)
(11271343911; 9)
(11271380870; 8)
(11271383713; 9)
(11271406457; 8)
(11271412143; 9)
(11271414986; 8)
(11271423515; 9)
(11272390135; 8)
(11272432780; 9)
(11272438466; 8)
(11272458367; 9)
(11272466896; 8)
(11272472582; 9)
(11272475425; 8)
(11272483954; 9)
(11275324807; 8)
(11275327651; 9)
(11275381687; 8)
(11275384531; 9)
(11275393063; 8)
(11275395907; 9)
(11275401595; 8)
(11275427191; 9)
(11275441411; 8)
(11275452787; 9)
(11275455631; 8)
(11275461319; 9)
(11275472695; 8)
(11275475539; 9)
(11275481227; 8)
(11275489759; 9)
(11275498291; 8)
(11275501135; 9)
(11275580767; 8)
(11275620583; 9)
(11275640491; 8)
(11275646179; 9)
(11275748563; 8)
(11275808287; 9)
(11275816819; 8)
(11275856635; 9)
(11275919203; 8)
(11275922047; 9)
(11275933423; 8)
(11276007367; 9)
(11276013055; 8)
(11276015899; 9)
(11276061403; 8)
(11276067091; 9)
(11276138191; 8)
(11276141035; 9)
(11276155255; 8)
(11276160943; 9)
(11276163787; 8)
(11276166631; 9)
(11276169475; 8)
(11276257639; 9)
(11276852035; 8)
(11277167719; 9)
(11277199003; 8)
(11277204691; 9)
(11277213223; 8)
(11277216067; 9)
(11277224599; 8)
(11277230287; 9)
(11277244507; 8)
(11277264415; 9)
(11277295699; 8)
(11277298543; 9)
(11277304231; 8)
(11277307075; 9)
(11277312763; 8)
(11277332671; 9)
(11277338359; 8)
(11277344047; 9)
(11280116947; 8)
(11280119791; 9)
(11280253459; 8)
(11280256303; 9)
(11280449695; 8)
(11280461071; 9)
(11280469603; 8)
(11280480979; 9)
(11280483823; 8)
(11280532171; 9)
(11280583363; 8)
(11280589051; 9)
(11280591895; 8)
(11280600427; 9)
(11280606115; 8)
(11280901891; 9)
(11280910423; 8)
(11280913267; 9)
(11280998587; 8)
(11281001431; 9)
(11281009963; 8)
(11281029871; 9)
(11281200511; 8)
(11281203355; 9)
(11281251703; 8)
(11281254547; 9)
(11281285835; 8)
(11281288680; 9)
(11281371185; 8)
(11281376875; 9)
(11281456535; 8)
(11281459380; 9)
(11281527660; 8)
(11281553265; 9)
(11281601630; 8)
(11281613010; 9)
(11281817850; 8)
(11281829230; 9)
(11281834920; 8)
(11281846300; 9)
(11281965790; 8)
(11281977170; 9)
(11281985705; 8)
(11298077626; 9)
(11298086167; 8)
(11298100402; 9)
(11303350270; 8)
(11303358811; 9)
(11303367352; 8)
(11303472691; 9)
(11303475538; 8)
(11303484079; 9)
(11303486926; 8)
(11303560948; 9)
(11303563795; 8)
(11303566642; 9)
(11303569489; 8)
(11303575183; 9)
(11303580877; 8)
(11303825719; 9)
(11303857036; 8)
(11303862730; 9)
(11303865577; 8)
(11303871271; 9)
(11303874118; 8)
(11303876965; 9)
(11303933905; 8)
(11304030703; 9)
(11304167359; 8)
(11304170206; 9)
(11304235687; 8)
(11304244228; 9)
(11304267004; 8)
(11304269851; 9)
(11304301168; 8)
(11304312556; 9)
(11304315403; 8)
(11304341026; 9)
(11304346720; 8)
(11304352414; 9)
(11304358108; 8)
(11304437824; 9)
(11304981601; 8)
(11304984448; 9)
(11304990142; 8)
(11304998683; 9)
(11305064164; 8)
(11305072705; 9)
(11305317631; 8)
(11305320479; 9)
(11305323327; 8)
(11305770463; 9)
(11305892927; 8)
(11305924255; 9)
(11305927103; 8)
(11305938495; 9)
(11305941343; 8)
(11327889985; 9)
(11327901385; 8)
(11327935585; 9)
(11328314635; 8)
(11328414385; 9)
(11328417235; 8)
(11328420085; 9)
(11328425785; 8)
(11328437185; 9)
(11328545485; 8)
(11328870385; 9)
(11329315128; 8)
(11329323681; 9)
(11329337936; 8)
(11329343638; 9)
(11329471933; 8)
(11329489039; 9)
(11329491890; 8)
(11329494741; 9)
(11329640142; 8)
(11329642993; 9)
(11330846115; 8)
(11331248106; 9)
(11331270914; 8)
(11331273765; 9)
(11331407762; 8)
(11331416315; 9)
(11331419166; 8)
(11331476186; 9)
(11331593077; 8)
(11333118362; 9)
(11333144021; 8)
(11333386356; 9)
(11333389207; 8)
(11333420568; 9)
(11333429121; 8)
(11333431972; 9)
(11333437674; 8)
(11333460482; 9)
(11333463333; 8)
(11333508949; 9)
(11333565969; 8)
(11333571671; 9)
(11333583075; 8)
(11333585926; 9)
(11333588777; 8)
(11333594479; 9)
(11334227401; 8)
(11334230252; 9)
(11334233103; 8)
(11334250209; 9)
(11337112703; 8)
(11337118407; 9)
(11337144075; 8)
(11337146927; 9)
(11337155483; 8)
(11337161187; 9)
(11337303787; 8)
(11338128015; 9)
(11338133719; 8)
(11338139423; 9)
(11338612855; 8)
(11338635671; 9)
(11338675599; 8)
(11338732639; 9)
(11338735491; 8)
(11338741195; 9)
(11338744047; 8)
(11338846719; 9)
(11338849571; 8)
(11338932279; 9)
(11338983615; 8)
(11339023543; 9)
(11339032099; 8)
(11339034951; 9)
(11339049211; 8)
(11339411415; 9)
(11339425675; 8)
(11339445639; 9)
(11339451343; 8)
(11339471307; 9)
(11339479863; 8)
(11339496975; 9)
(11339536903; 8)
(11339588239; 9)
(11339593943; 8)
(11341869839; 9)
(11341943991; 8)
(11341946843; 9)
(11341952547; 8)
(11342001031; 9)
(11342006735; 8)
(11342032403; 9)
(11342175003; 8)
(11342254859; 9)
(11342260563; 8)
(11342334715; 9)
(11351543332; 8)
(11351557597; 9)
(11351560450; 8)
(11351571862; 9)
(11351574715; 8)
(11351694541; 9)
(11351760160; 8)
(11351763013; 9)
(11351771572; 8)
(11351777278; 9)
(11351811514; 8)
(11351817220; 9)
(11351891398; 8)
(11351897104; 9)
(11351899957; 8)
(11351937046; 9)
(11351939899; 8)
(11351942752; 9)
(11351954164; 8)
(11351971282; 9)
(11351976988; 8)
(11351982694; 9)
(11351985547; 8)
(11351988400; 9)
(11351996959; 8)
(11352016930; 9)
(11352019783; 8)
(11352022636; 9)
(11352054019; 8)
(11352065431; 9)
(11352073990; 8)
(11352088255; 9)
(11352096814; 8)
(11352998445; 9)
(11368544070; 8)
(11368675400; 9)
(11368681111; 8)
(11368683967; 9)
(11368692535; 8)
(11368698247; 9)
(11368721095; 8)
(11368746799; 9)
(11368749655; 8)
(11368752511; 9)
(11368772503; 8)
(11368809631; 9)
(11369069527; 8)
(11369086663; 9)
(11369363695; 8)
(11369375119; 9)
(11369440807; 8)
(11369455087; 9)
(11369457943; 8)
(11369486503; 9)
(11369489359; 8)
(11369732119; 9)
(11369774959; 8)
(11369783527; 9)
(11369974879; 8)
(11369977735; 9)
(11370360439; 8)
(11370397567; 9)
(11370400423; 8)
(11370934495; 9)
(11370971623; 8)
(11370977335; 9)
(11371111567; 8)
(11371122991; 9)
(11371128703; 8)
(11371488559; 9)
(11371491415; 8)
(11371525687; 9)
(11371528543; 8)
(11371531399; 9)
(11371554247; 8)
(11371557103; 9)
(11371619935; 8)
(11371925527; 9)
(11371968367; 8)
(11371982647; 9)
(11371988359; 8)
(11372002639; 9)
(11372005495; 8)
(11372008351; 9)
(11372025487; 8)
(11372028343; 9)
(11372111167; 8)
(11372114023; 9)
(11372128303; 8)
(11372136871; 9)
(11372256823; 8)
(11372262535; 9)
(11372293951; 8)
(11372302519; 9)
(11372308231; 8)
(11372313943; 9)
(11372639527; 8)
(11372659519; 9)
(11372673799; 8)
(11372676655; 9)
(11373125047; 8)
(11373127903; 9)
(11373147895; 8)
(11373153607; 9)
(11435543934; 8)
(11435578302; 9)
(11435584030; 8)
(11435689998; 9)
(11435712910; 8)
(11435715774; 9)
(11435721502; 8)
(11435764462; 9)
(11435778782; 8)
(11435793102; 9)
(11435804558; 8)
(11435847518; 9)
(11435858974; 8)
(11435864702; 9)
(11435870430; 8)
(11435873294; 9)
(11435876158; 8)
(11435967806; 9)
(11435973534; 8)
(11435982126; 9)
(11435984990; 8)
(11435987854; 9)
(11436005038; 8)
(11436025086; 9)
(11436027950; 8)
(11436065182; 9)
(11436079502; 8)
(11436689534; 9)
(11436695262; 8)
(11436709582; 9)
(11436795502; 8)
(11436809822; 9)
(11436838462; 8)
(11436841326; 9)
(11436844190; 8)
(11436847054; 9)
(11436852782; 8)
(11436855646; 9)
(11436861374; 8)
(11436864238; 9)
(11436895742; 8)
(11437840862; 9)
(11437846590; 8)
(11437849454; 9)
(11437935374; 8)
(11437998382; 9)
(11438015566; 8)
(11438468078; 9)
(11438473806; 8)
(11438479534; 9)
(11438482398; 8)
(11438502446; 9)
(11439164030; 8)
(11439169758; 9)
(11439301502; 8)
(11439310094; 9)
(11439312958; 8)
(11439315822; 9)
(11439318686; 8)
(11439324414; 9)
(11439327278; 8)
(11439353054; 9)
(11439361646; 8)
(11439373102; 9)
(11439381694; 8)
(11439384558; 9)
(11439390286; 8)
(11439393150; 9)
(11439894350; 8)
(11439900078; 9)
(11439902942; 8)
(11439917262; 9)
(11439934446; 8)
(11439948766; 9)
(11439963086; 8)
(11439965950; 9)
(11440077646; 8)
(11440080510; 9)
(11440106286; 8)
(11440109150; 9)
(11440114878; 8)
(11440240894; 9)
(11440378366; 8)
(11440407006; 9)
(11440444238; 8)
(11440452833; 9)
(11440504403; 8)
(11440507268; 9)
(11440510133; 8)
(11440570298; 9)
(11440573163; 8)
(11440576028; 9)
(11440578893; 8)
(11440581758; 9)
(11440584623; 8)
(11440590353; 9)
(11440616138; 8)
(11440624733; 9)
(11440627598; 8)
(11440653383; 9)
(11440661978; 8)
(11441043023; 9)
(11441045888; 8)
(11441054483; 9)
(11441057348; 8)
(11441060213; 9)
(11441065943; 8)
(11441071673; 9)
(11441080268; 8)
(11441100323; 9)
(11474006610; 8)
(11474207440; 9)
(11474233261; 8)
(11474238999; 9)
(11474253344; 8)
(11474256213; 9)
(11474259082; 8)
(11474296379; 9)
(11474686563; 8)
(11474692301; 9)
(11475294791; 8)
(11477007584; 9)
(11477021929; 8)
(11477024798; 9)
(11477033405; 8)
(11477036274; 9)
(11477042012; 8)
(11477242842; 9)
(11477245711; 8)
(11477254318; 9)
(11477257187; 8)
(11478774888; 9)
(11478909731; 8)
(11478912600; 9)
(11478918338; 8)
(11478921207; 9)
(11478924076; 8)
(11478929814; 9)
(11478935552; 8)
(11478938421; 9)
(11478952766; 8)
(11479351557; 9)
(11479357295; 8)
(11479360164; 9)
(11479363033; 8)
(11479371640; 9)
(11479380247; 8)
(11479472055; 9)
(11479477793; 8)
(11479486400; 9)
(11479497876; 8)
(11479503614; 9)
(11479540911; 8)
(11479552387; 9)
(11479560994; 8)
(11486463048; 9)
(11486465918; 8)
(11493921227; 9)
(11493938453; 8)
(11493978647; 9)
(11494030325; 8)
(11494036067; 9)
(11494038938; 8)
(11494460975; 9)
(11494567202; 8)
(11494578686; 9)
(11494593041; 8)
(11494610267; 9)
(11494613138; 8)
(11494621751; 9)
(11494627493; 8)
(11494630364; 9)
(11494636106; 8)
(11494638977; 9)
(11494661945; 8)
(11494676300; 9)
(11494696397; 8)
(11494707881; 9)
(11494710752; 8)
(11494713623; 9)
(11494716494; 8)
(11494727978; 9)
(11494745204; 8)
(11494748075; 9)
(11501123334; 8)
(11501126206; 9)
(11502605286; 8)
(11502737398; 9)
(11504799625; 8)
(11505339749; 9)
(11510083072; 8)
(11510088818; 9)
(11510094564; 8)
(11510646180; 9)
(11510672037; 8)
(11510695021; 9)
(11510712259; 8)
(11510715132; 9)
(11510769719; 8)
(11511795380; 9)
(11512309647; 8)
(11512312520; 9)
(11512335504; 8)
(11512338377; 9)
(11512341250; 8)
(11512479170; 9)
(11512582634; 8)
(11512588382; 9)
(11512594130; 8)
(11512597004; 9)
(11512599878; 8)
(11512611374; 9)
(11512622870; 8)
(11512625744; 9)
(11512628618; 8)
(11512671728; 9)
(11512990742; 8)
(11513013734; 9)
(11513157434; 8)
(11513174678; 9)
(11513212040; 8)
(11513214914; 9)
(11513217788; 8)
(11513220662; 9)
(11513226410; 8)
(11513229284; 9)
(11513240780; 8)
(11513255150; 9)
(11513258024; 8)
(11513260898; 9)
(11513703494; 8)
(11513717864; 9)
(11513752352; 8)
(11513901800; 9)
(11513913296; 8)
(11557531207; 9)
(11557534086; 8)
(11557747132; 9)
(11557770164; 8)
(11557775922; 9)
(11557778801; 8)
(11557784559; 9)
(11557790317; 8)
(11557801833; 9)
(11561412398; 8)
(11561415278; 9)
(11561438318; 8)
(11561827118; 9)
(11561829998; 8)
(11561838638; 9)
(11561855918; 8)
(11567405678; 9)
(11567578478; 8)
(11567636078; 9)
(11567659118; 8)
(11567909678; 9)
(11567924078; 8)
(11567926958; 9)
(11568909152; 8)
(11568946605; 9)
(11568984058; 8)
(11569816667; 9)
(11569828191; 8)
(11569831072; 9)
(11569839715; 8)
(11569848358; 9)
(11570021218; 8)
(11570225769; 9)
(11571199547; 8)
(11571211071; 9)
(11571219714; 8)
(11571225476; 9)
(11571245643; 8)
(11571260048; 9)
(11571294620; 8)
(11571297501; 9)
(11571300382; 8)
(11571314787; 9)
(11571320549; 8)
(11571323430; 9)
(11571346478; 8)
(11571352240; 9)
(11571375288; 8)
(11571404098; 9)
(11571435789; 8)
(11571441551; 9)
(11571669150; 8)
(11571674912; 9)
(11571683555; 8)
(11571686436; 9)
(11571732532; 8)
(11571738294; 9)
(11571741175; 8)
(11571746937; 9)
(11571960131; 8)
(11571963012; 9)
(11572640047; 8)
(11572645809; 9)
(11572694786; 8)
(11572706310; 9)
(11572714953; 8)
(11572717834; 9)
(11572740882; 8)
(11573415036; 9)
(11573417917; 8)
(11573420798; 9)
(11573798209; 8)
(11573832781; 9)
(11573852948; 8)
(11573855829; 9)
(11573945140; 8)
(11573948021; 9)
(11574066142; 8)
(11574089190; 9)
(11574143929; 8)
(11574181382; 9)
(11574218835; 8)
(11574227478; 9)
(11574236121; 8)
(11574247645; 9)
(11574250526; 8)
(11574293741; 9)
(11574299503; 8)
(11574308146; 9)
(11574365766; 8)
(11574377290; 9)
(11574380171; 8)
(11574388814; 9)
(11574446434; 8)
(11574449315; 9)
(11574515578; 8)
(11574553031; 9)
(11574561674; 8)
(11574648104; 9)
(11574650985; 8)
(11574674033; 9)
(11574679795; 8)
(11574685557; 9)
(11574711486; 8)
(11574720129; 9)
(11574728772; 8)
(11574731653; 9)
(11574754701; 8)
(11575160922; 9)
(11575178208; 8)
(11575241590; 9)
(11575371235; 8)
(11575394283; 9)
(11575402926; 8)
(11575970483; 9)
(11575976245; 8)
(11575979126; 9)
(11575982007; 8)
(11576996252; 9)
(11576999134; 8)
(11577002016; 9)
(11577076948; 8)
(11577079830; 9)
(11577128824; 8)
(11577131706; 9)
(11577134588; 8)
(11577333446; 9)
(11577339210; 8)
(11577575534; 9)
(11577578416; 8)
(11577584180; 9)
(11577587062; 8)
(11577589944; 9)
(11577592826; 8)
(11577598590; 9)
(11577613000; 8)
(11577624528; 9)
(11577630292; 8)
(11577716752; 9)
(11577719634; 8)
(11577725398; 9)
(11577734044; 8)
(11577745572; 9)
(11577904082; 8)
(11577909846; 9)
(11577912728; 8)
(11578379612; 9)
(11578385376; 8)
(11578396904; 9)
(11578422842; 8)
(11578434370; 9)
(11578466072; 8)
(11578546768; 9)
(11578549650; 8)
(11578555414; 9)
(11578566942; 8)
(11578667812; 9)
(11578670694; 8)
(11579039590; 9)
(11579042472; 8)
(11581059872; 9)
(11581065636; 8)
(11581074282; 9)
(11581077164; 8)
(11581080046; 9)
(11581316370; 8)
(11581402830; 9)
(11581483526; 8)
(11581500818; 9)
(11581509464; 8)
(11581552694; 9)
(11581555576; 8)
(11581564222; 9)
(11581587278; 8)
(11581616098; 9)
(11581624744; 8)
(11584083090; 9)
(11584088854; 8)
(11584132084; 9)
(11586876521; 8)
(11586879404; 9)
(11586885170; 8)
(11587876922; 9)
(11587879805; 8)
(11587911518; 9)
(11587914401; 8)
(11588052785; 9)
(11588075849; 8)
(11588084498; 9)
(11588090264; 8)
(11588098913; 9)
(11588107562; 8)
(11588116211; 9)
(11588254595; 8)
(11613416198; 9)
(11613488348; 8)
(11613505664; 9)
(11613546068; 8)
(11613548954; 9)
(11613551840; 8)
(11613629762; 9)
(11615015042; 8)
(11615026586; 9)
(11615029472; 8)
(11615064104; 9)
(11615127596; 8)
(11615329616; 9)
(11615445056; 8)
(11615525864; 9)
(11615574926; 8)
(11615577812; 9)
(11615580698; 8)
(11615583584; 9)
(11615586470; 8)
(11615592242; 9)
(11615603786; 8)
(11615652848; 9)
(11616489788; 8)
(11616533078; 9)
(11616561938; 8)
(11616576368; 9)
(11616712010; 8)
(11616755300; 9)
(11618545219; 8)
(11618548106; 9)
(11618553880; 8)
(11618576976; 9)
(11618663586; 8)
(11618672247; 9)
(11618787727; 8)
(11618805049; 9)
(11618842580; 8)
(11618854128; 9)
(11619015800; 8)
(11619021574; 9)
(11619217890; 8)
(11619220777; 9)
(11619223664; 8)
(11619243873; 9)
(11619266969; 8)
(11619307387; 9)
(11619353579; 8)
(11619419980; 9)
(11619425754; 8)
(11619434415; 9)
(11619457511; 8)
(11619532573; 9)
(11619558556; 8)
(11619676923; 9)
(11619697132; 8)
(11619700019; 9)
(11619702906; 8)
(11619705793; 9)
(11619711567; 8)
(11619720228; 9)
(11619726002; 8)
(11619737550; 9)
(11619775081; 8)
(11619801064; 9)
(11619803951; 8)
(11619818386; 9)
(11619847256; 8)
(11619913657; 9)
(11619916544; 8)
(11619919431; 9)
(11619925205; 8)
(11619933866; 9)
(11620014702; 8)
(11620017589; 9)
(11620037798; 8)
(11620519927; 9)
(11620522814; 8)
(11620528588; 9)
(11620534362; 8)
(11620583441; 9)
(11620589215; 8)
(11620612311; 9)
(11620615198; 8)
(11620719130; 9)
(11620722017; 8)
(11620733565; 9)
(11620739339; 8)
(11620825949; 9)
(11620828836; 8)
(11620866367; 9)
(11620889463; 8)
(11620906785; 9)
(11620915446; 8)
(11620918333; 9)
(11621088666; 8)
(11621094440; 9)
(11621105988; 8)
(11621108875; 9)
(11621790207; 8)
(11621793094; 9)
(11621795981; 8)
(11621798868; 9)
(11622956555; 8)
(11622991199; 9)
(11622994086; 8)
(11623002747; 9)
(11623008521; 8)
(11623014295; 9)
(11623020069; 8)
(11623022956; 9)
(11623037391; 8)
(11623046052; 9)
(11623048939; 8)
(11623057600; 9)
(11623060487; 8)
(11625419357; 9)
(11625422245; 8)
(11625459789; 9)
(11625474229; 8)
(11625546429; 9)
(11625647509; 8)
(11625650397; 9)
(11625664837; 8)
(11625670613; 9)
(11625774581; 8)
(11625777469; 9)
(11625797685; 8)
(11625806349; 9)
(11634456441; 8)
(11634470886; 9)
(11635545594; 8)
(11635560039; 9)
(11635565817; 8)
(11635571595; 9)
(11635574484; 8)
(11635669821; 9)
(11635675599; 8)
(11635678488; 9)
(11635681377; 8)
(11635721823; 9)
(11635727601; 8)
(11635736268; 9)
(11635759380; 8)
(11635765158; 9)
(11635773825; 8)
(11635779603; 9)
(11635889385; 8)
(11635892274; 9)
(11635915386; 8)
(11635918275; 9)
(11635926942; 8)
(11639543970; 9)
(11639549748; 8)
(11639749089; 9)
(11639754867; 8)
(11639757756; 9)
(11639760645; 8)
(11639763534; 9)
(11639777979; 8)
(11639948430; 9)
(11639951319; 8)
(11639954208; 9)
(11639965764; 8)
(11639980209; 9)
(11641381515; 8)
(11641684965; 9)
(11641687855; 8)
(11643025925; 9)
(11643031705; 8)
(11643043265; 9)
(11643046155; 8)
(11647187525; 9)
(11647190415; 8)
(11647210645; 9)
(11647213535; 8)
(11647248215; 9)
(11647314685; 8)
(11647317575; 9)
(11647320465; 8)
(11647329135; 9)
(11647355145; 8)
(11647369595; 9)
(11647745295; 8)
(11647768415; 9)
(11647774195; 8)
(11647777085; 9)
(11647910025; 8)
(11647912915; 9)
(11647915805; 8)
(11647921585; 9)
(11719625991; 10)
(11719730355; 9)
(11719779638; 10)
(11721745185; 9)
(11721748085; 10)
(11721753885; 9)
(11721817685; 10)
(11721826385; 9)
(11721832185; 10)
(11721835085; 9)
(11721869885; 10)
(11721872785; 9)
(11721930785; 10)
(11721936585; 9)
(11721962685; 10)
(11721968485; 9)
(11721971385; 10)
(11721974285; 9)
(11721988785; 10)
(11721994585; 9)
(11722336785; 10)
(11722339685; 9)
(11722345485; 10)
(11722348385; 9)
(11722351285; 10)
(11722354185; 9)
(11722365785; 10)
(11722368685; 9)
(11722397685; 10)
(11722415085; 9)
(11722423785; 10)
(11722438285; 9)
(11722446985; 10)
(11722475985; 9)
(11722478885; 10)
(11722499185; 9)
(11722525285; 10)
(11722531085; 9)
(11722533985; 10)
(11722551385; 9)
(11722577485; 10)
(11722589085; 9)
(11724447985; 10)
(11724491485; 9)
(11724500185; 10)
(11724604585; 9)
(11724607485; 10)
(11724610385; 9)
(11724714785; 10)
(11724717685; 9)
(11724720585; 10)
(11724723485; 9)
(11724746685; 10)
(11724749585; 9)
(11724961285; 10)
(11724969985; 9)
(11725268685; 10)
(11725271585; 9)
(11725291885; 10)
(11725297685; 9)
(11725300585; 10)
(11725689185; 9)
(11725694985; 10)
(11725697885; 9)
(11725706585; 10)
(11725723985; 9)
(11725726885; 10)
(11726034285; 9)
(11726037185; 10)
(11726057485; 9)
(11726060385; 10)
(11726063285; 9)
(11726066185; 10)
(11726069085; 9)
(11747402664; 8)
(11747733606; 9)
(11747736509; 8)
(11747788763; 9)
(11747814890; 8)
(11747875853; 9)
(11747884562; 8)
(11747887465; 9)
(11747893271; 8)
(11747901980; 9)
(11747965846; 8)
(11747968749; 9)
(11747983264; 8)
(11747989070; 9)
(11748012294; 8)
(11748021003; 9)
(11750804980; 8)
(11750828204; 9)
(11750834010; 8)
(11750883361; 9)
(11750987869; 8)
(11750990772; 9)
(11751025608; 8)
(11751037220; 9)
(11751040123; 8)
(11751223012; 9)
(11751350744; 8)
(11751719425; 9)
(11751739746; 8)
(11751742649; 9)
(11751748455; 8)
(11751774582; 9)
(11751783291; 8)
(11751786194; 9)
(11751789097; 8)
(11751826836; 9)
(11751942956; 8)
(11751945859; 9)
(11751957471; 8)
(11751971986; 9)
(11751974889; 8)
(11752076494; 9)
(11752079397; 8)
(11752082300; 9)
(11752091009; 8)
(11752111330; 9)
(11752929976; 8)
(11752935782; 9)
(11753153507; 8)
(11753156410; 9)
(11753159313; 8)
(11753179634; 9)
(11809779645; 8)
(11809858215; 9)
(11809907685; 8)
(11809910595; 9)
(11809936785; 8)
(11810003715; 9)
(11810009535; 8)
(11810114295; 9)
(11810120115; 8)
(11811735499; 9)
(11811747143; 8)
(11811750054; 9)
(11811752965; 8)
(11811988756; 9)
(11812160505; 8)
(11812183793; 9)
(11812186704; 8)
(11812215814; 9)
(11812221636; 8)
(11812227458; 9)
(11813106580; 8)
(11813164800; 9)
(11814061388; 8)
(11814070121; 9)
(11814230226; 8)
(11818023259; 9)
(11819895381; 8)
(11819898293; 9)
(11819988565; 8)
(11819994389; 9)
(11819997301; 8)
(11820113781; 9)
(11820125429; 8)
(11820128341; 9)
(11823392693; 8)
(11823398517; 9)
(11826196949; 8)
(11826199861; 9)
(11826228981; 8)
(11826246453; 9)
(11826301781; 8)
(11826304693; 9)
(11831003124; 8)
(11831006037; 9)
(11831008950; 8)
(11831026428; 9)
(11831043906; 8)
(11834903631; 9)
(11834906544; 8)
(11834912370; 9)
(11834950239; 8)
(11834964804; 9)
(11834970630; 8)
(11835107541; 9)
(11835113367; 8)
(11835119193; 9)
(11835130849; 8)
(11835227011; 9)
(11835247409; 8)
(11835261979; 9)
(11835264893; 8)
(11835270721; 9)
(11835305689; 8)
(11835308603; 9)
(11835349399; 8)
(11835352313; 9)
(11835480529; 8)
(11835486357; 9)
(11835492185; 8)
(11835562121; 9)
(11835707821; 8)
(11835710735; 9)
(11835716563; 8)
(11835725305; 9)
(11835728219; 8)
(11835731133; 9)
(11835905973; 8)
(11870107310; 7)
(11870124818; 8)
(11870127736; 7)
(11870221112; 8)
(11870224030; 7)
(11870229866; 8)
(11870469142; 7)
(11870542092; 8)
(11870545010; 7)
(11870632550; 8)
(11870635468; 7)
(11870679238; 8)
(11873232488; 7)
(11873235406; 8)
(11873264586; 7)
(11873267504; 8)
(11873270422; 7)
(11874166248; 8)
(11874172084; 7)
(11918235516; 8)
(11918238440; 7)
(11918241364; 8)
(11991853982; 9)
(11991856915; 8)
(11991871580; 9)
(11991912642; 8)
(11991915575; 9)
(11991933173; 8)
(11991936106; 9)
(11991939039; 8)
(11991941972; 9)
(11994886704; 8)
(11995006957; 9)
(11995156540; 8)
