(127000000001; 4)
(127023358061; 3)
(127023386699; 4)
(127023405791; 3)
(127023424883; 4)
(127023443975; 3)
(127023453521; 4)
(127023463067; 3)
(127023472613; 4)
(127023491705; 3)
(127023615803; 4)
(127023625349; 3)
(127023634895; 4)
(127023644441; 3)
(127023682625; 4)
(127024608587; 3)
(127024618133; 4)
(127024637225; 3)
(127024732685; 4)
(127024770869; 3)
(127024952243; 4)
(127024961789; 3)
(127024971335; 4)
(127025019065; 3)
(127069011125; 4)
(127069020673; 3)
(127069049317; 4)
(127069058865; 3)
(127069106605; 4)
(127069192537; 3)
(127069307113; 4)
(127069354853; 3)
(127069364401; 4)
(127071904169; 3)
(127071951909; 4)
(127071980553; 3)
(127071990101; 4)
(127072009197; 3)
(127072018745; 4)
(127072181061; 3)
(127072190609; 4)
(127072209705; 3)
(127072295637; 4)
(127072362473; 3)
(127072372021; 4)
(127072629817; 3)
(127072648913; 4)
(127072668009; 3)
(127072677557; 4)
(127072715749; 3)
(127072734845; 4)
(127072753941; 3)
(127072763489; 4)
(127072820777; 3)
(127072849421; 4)
(127072858969; 3)
(127072878065; 4)
(127073899701; 3)
(127073909249; 4)
(127073928345; 3)
(127073947441; 4)
(127073966537; 3)
(127073976085; 4)
(127073995181; 3)
(127074014277; 4)
(127076401277; 3)
(127076429921; 4)
(127076439469; 3)
(127076449017; 4)
(127076458565; 3)
(127076468113; 4)
(127077012349; 3)
(127077088733; 4)
(127077098281; 3)
(127077107829; 4)
(127077117377; 3)
(127077136473; 4)
(127077146021; 3)
(127077174665; 4)
(127077327433; 3)
(127077336981; 4)
(127077900313; 3)
(127077909861; 4)
(127089405653; 3)
(127089644378; 4)
(127089768515; 3)
(127089778064; 4)
(127089854456; 3)
(127090035887; 4)
(127090054985; 3)
(127091974334; 4)
(127091993432; 3)
(127092002981; 4)
(127092241706; 3)
(127098658634; 4)
(127098677732; 3)
(127101742961; 4)
(127102583273; 3)
(127102592822; 4)
(127102602371; 3)
(127102611920; 4)
(127102631018; 3)
(127102640567; 4)
(127103022527; 3)
(127103032076; 4)
(127103041625; 3)
(127103089370; 4)
(127103108468; 3)
(127103146664; 4)
(127103156213; 3)
(127103375840; 4)
(127103414036; 3)
(127104359387; 4)
(127104636308; 3)
(127104693602; 4)
(127104712700; 3)
(127105524365; 4)
(127105581659; 3)
(127105591208; 4)
(127105619855; 3)
(127105829933; 4)
(127105849031; 3)
(127106230991; 4)
(127106250089; 3)
(127106259638; 4)
(127106269187; 3)
(127111253765; 4)
(127111301510; 3)
(127111368353; 4)
(127112017685; 3)
(127112027234; 4)
(127112036783; 3)
(127112074979; 4)
(127112647919; 3)
(127112667017; 4)
(127112838899; 3)
(127112867546; 4)
(127112886644; 3)
(127114175759; 4)
(127114338092; 3)
(127114366739; 4)
(127114500425; 3)
(127114509974; 4)
(127114529072; 3)
(127114805993; 4)
(127114815542; 3)
(127114834640; 4)
(127126132166; 3)
(127126151266; 4)
(127126160816; 3)
(127126189466; 4)
(127126265866; 3)
(127126275416; 4)
(127126361366; 3)
(127126399566; 4)
(127134106416; 3)
(127134545716; 4)
(127134574366; 3)
(127134593466; 4)
(127134603016; 3)
(127134612566; 4)
(127134622116; 3)
(127134631666; 4)
(127134822666; 3)
(127134870416; 4)
(127135834966; 3)
(127135854066; 4)
(127135863616; 3)
(127160876975; 4)
(127163981050; 3)
(127164028805; 4)
(127164133866; 3)
(127164181621; 4)
(127164191172; 3)
(127164277131; 4)
(127164286682; 3)
(127164296233; 4)
(127164315335; 3)
(127164382192; 4)
(127164391743; 3)
(127164449049; 4)
(127164468151; 3)
(127164487253; 4)
(127164496804; 3)
(127164764232; 4)
(127164773783; 3)
(127164878844; 4)
(127164917048; 3)
(127164926599; 4)
(127166454759; 3)
(127166464310; 4)
(127166473861; 3)
(127166521616; 4)
(127166531167; 3)
(127166569371; 4)
(127167428961; 3)
(127179578912; 4)
(127179626672; 3)
(127184612816; 4)
(127187077232; 3)
(127187220512; 4)
(127187382896; 3)
(127187392448; 4)
(127187421104; 3)
(127582633998; 4)
(127582643565; 3)
(127582700967; 4)
(127582710534; 3)
(127583198451; 4)
(127583313255; 3)
(127583322822; 4)
(127583351523; 3)
(127583380224; 4)
(127583428059; 3)
(127583437626; 4)
(127583456760; 3)
(127584710037; 4)
(127584719604; 3)
(127584796140; 4)
(127587675807; 3)
(127587685374; 4)
(127588087188; 3)
(127589330898; 4)
(127589503104; 3)
(127598027549; 4)
(127598113661; 3)
(127598257181; 4)
(127598400701; 3)
(127609384765; 4)
(127609394333; 3)
(127609413469; 4)
(127609480445; 3)
(127609576125; 4)
(127609585693; 3)
(127613833885; 4)
(127613872157; 3)
(127613881725; 4)
(127613910429; 3)
(127613919997; 4)
(127613967837; 3)
(127613977405; 4)
(127614044381; 3)
(127614053949; 4)
(127614082653; 3)
(127614120925; 4)
(127614168765; 3)
(127614178333; 4)
(127614312285; 3)
(127614331421; 4)
(127614340989; 3)
(127614465373; 4)
(127619727773; 3)
(127619737341; 4)
(127622875702; 3)
(127622913978; 4)
(127622923547; 3)
(127622942685; 4)
(127623258462; 3)
(127623268031; 4)
(127623325445; 3)
(127623344583; 4)
(127623373290; 3)
(127623679498; 4)
(127623689067; 3)
(127624071827; 4)
(127624119672; 3)
(127624129241; 4)
(127624157948; 3)
(127624425880; 4)
(127624502432; 3)
(127624540708; 4)
(127624569415; 3)
(127624684243; 4)
(127624827778; 3)
(127624923468; 4)
(127624952175; 3)
(127624961744; 4)
(127624990451; 3)
(127627086062; 4)
(127627095631; 3)
(127628234342; 4)
(127628272618; 3)
(127628291756; 4)
(127628387446; 3)
(127628397015; 4)
(127628454429; 3)
(127628578826; 4)
(127636138336; 3)
(127636320147; 4)
(127636425406; 3)
(127636444544; 4)
(127636511527; 3)
(127636530665; 4)
(127636549803; 3)
(127639420503; 4)
(127639650159; 3)
(127639659728; 4)
(127639669297; 3)
(127639678866; 4)
(127639688435; 3)
(127639698004; 4)
(127639851108; 3)
(127639889384; 4)
(127639965936; 3)
(127640013781; 4)
(127640090333; 3)
(127641037664; 4)
(127641171630; 3)
(127641209906; 4)
(127641219475; 3)
(127667076802; 4)
(127667105512; 3)
(127667143792; 4)
(127667153362; 3)
(127667172502; 4)
(127667316052; 3)
(127667344762; 4)
(127667440462; 3)
(127667488312; 4)
(127677355157; 3)
(127677364728; 4)
(127677374299; 3)
(127677383870; 4)
(127678762094; 3)
(127678771665; 4)
(127679144934; 3)
(127679154505; 4)
(127679173647; 3)
(127679805333; 4)
(127679824475; 3)
(127679834046; 4)
(127690984261; 3)
(127690993832; 4)
(127691003403; 3)
(127691108684; 4)
(127691185252; 3)
(127691261820; 4)
(127691529808; 3)
(127691548950; 4)
(127691635089; 3)
(127691644660; 4)
(127691673373; 3)
(127691702086; 4)
(127691778654; 3)
(127691788225; 4)
(127691855222; 3)
(127691941361; 4)
(127692113639; 3)
(127692161494; 4)
(127692171065; 3)
(127692180636; 4)
(127692190207; 3)
(127692525192; 4)
(127692630473; 3)
(127692640044; 4)
(127692649615; 3)
(127692707041; 4)
(127692716612; 3)
(127692764467; 4)
(127692869748; 3)
(127702019624; 4)
(127702038766; 3)
(127702067479; 4)
(127702086621; 3)
(127702096192; 4)
(127702115334; 3)
(127702153618; 4)
(127702163189; 3)
(127702182331; 4)
(127706049400; 3)
(127706173836; 4)
(127706202552; 3)
(127706221696; 4)
(127706240840; 3)
(127706279128; 4)
(127706882164; 3)
(127706891736; 4)
