(59000000001; 3)
(59022915501; 4)
(59023702848; 3)
(59023715862; 4)
(59023722369; 3)
(59023735383; 4)
(59023761411; 3)
(59023793946; 4)
(59023832988; 3)
(59025420696; 4)
(59028810843; 3)
(59029006053; 4)
(59029025574; 3)
(59029045095; 4)
(59029747851; 3)
(59029825935; 4)
(59029832442; 3)
(59029845456; 4)
(59029988610; 3)
(59030001624; 4)
(59030053680; 3)
(59030060187; 4)
(59030066694; 3)
(59030086215; 4)
(59030255397; 3)
(59030294439; 4)
(59030307453; 3)
(59030346495; 4)
(59030431086; 3)
(59030489649; 4)
(59030496156; 3)
(59030736915; 4)
(59030749929; 3)
(59031465699; 4)
(59031934203; 3)
(59032253061; 4)
(59035721825; 3)
(59035728333; 4)
(59035936589; 3)
(59035949605; 4)
(59035962621; 3)
(59036008177; 4)
(59036021193; 3)
(59036366117; 4)
(59036372625; 3)
(59036379133; 4)
(59036385641; 3)
(59036411673; 4)
(59036424689; 3)
(59036463737; 4)
(59036476753; 3)
(59036548341; 4)
(59036756597; 3)
(59037576605; 4)
(59037596129; 3)
(59037602637; 4)
(59037615653; 3)
(59038351057; 4)
(59038429153; 3)
(59038455185; 4)
(59038468201; 3)
(59041247117; 4)
(59041260133; 3)
(59041299181; 4)
(59041364261; 3)
(59041370769; 4)
(59041435849; 3)
(59041644105; 4)
(59041670137; 3)
(59042529193; 4)
(59042542209; 3)
(59043557457; 4)
(59043563965; 3)
(59043576981; 4)
(59043635553; 3)
(59043791745; 4)
(59043811269; 3)
(59043817777; 4)
(59043973969; 3)
(59044195241; 4)
(59044214765; 3)
(59044221273; 4)
(59044299369; 3)
(59044305877; 4)
(59044533657; 3)
(59044754929; 4)
(59044761437; 3)
(59044767945; 4)
(59044774453; 3)
(59044820009; 4)
(59044917629; 3)
(59044937153; 4)
(59044995725; 3)
(59045008741; 4)
(59045028265; 3)
(59370006148; 2)
(59371983526; 3)
(59372055312; 2)
(59372081416; 3)
(59372133624; 2)
(59372153202; 3)
(59372166254; 2)
(59373758598; 3)
(59373778176; 2)
(59373791228; 3)
(59373804280; 2)
(59373941326; 3)
(59373947852; 2)
(59373954378; 3)
(59374280678; 2)
(59374287204; 3)
(59374300256; 2)
(59374358990; 3)
(59374515614; 2)
(59374522140; 3)
(59374535192; 2)
(59375220422; 3)
(59375240000; 2)
(59375246526; 3)
(59376408154; 2)
(59376479940; 3)
(59376486466; 2)
(59376532148; 3)
(59378698987; 2)
(59390662978; 3)
(59390741302; 2)
(59390747829; 3)
(59390754356; 2)
(59390767410; 3)
(59390780464; 2)
(59390786991; 3)
(59391041544; 2)
(59391048071; 3)
(59391217773; 2)
(59425987114; 3)
(59425993643; 2)
(59426071991; 3)
(59426117694; 2)
(59426130752; 3)
(59426228687; 2)
(59426267861; 3)
(59426300506; 2)
(59426372325; 3)
(59428193916; 2)
(59428246148; 3)
(59428827229; 2)
(59428853345; 3)
(59428859874; 2)
(59429525832; 3)
(59429532361; 2)
(59429558477; 3)
(59429591122; 2)
(59446163902; 3)
(59446183492; 2)
(59446268382; 3)
(59446274912; 2)
(59446405512; 3)
(59446425102; 2)
(59446444692; 3)
(59446457752; 2)
(59450578248; 3)
(59451277065; 2)
(59451316251; 3)
(59451368499; 2)
(59451375030; 3)
(59451388092; 2)
(59451407685; 3)
(59457311709; 2)
(59457331302; 3)
(59457337833; 2)
(59457938685; 3)
(59458108491; 2)
(59458944459; 3)
(59465272998; 2)
(59465299122; 3)
(59465331777; 2)
(59465357901; 3)
(59473672678; 2)
(59474045002; 3)
(59474299750; 2)
(59474613286; 3)
(59474619818; 2)
(59474639414; 3)
(59477702922; 2)
(59477709454; 3)
(59477715986; 2)
(59477748646; 3)
(59478408378; 2)
(59478434506; 3)
(59478499826; 2)
(59478539018; 3)
(59478545550; 2)
(59478552082; 3)
(59478636998; 2)
(59478689254; 3)
(59478767638; 2)
(59478806830; 3)
(59478832958; 2)
(59478846022; 3)
(59478930938; 2)
(59479048514; 3)
(59479139962; 2)
(59479146494; 3)
(59479153026; 2)
(59479179154; 3)
(59479198750; 2)
(59479348986; 3)
(59479362050; 2)
(59480028314; 3)
(59480034846; 2)
(59480041378; 3)
(59480047910; 2)
(59480080570; 3)
(59480087102; 2)
(59480426766; 3)
(59480446362; 2)
(59480452894; 3)
(59480472490; 2)
(59480485554; 3)
(59481543738; 2)
(59482399430; 3)
(59482405962; 2)
(59483065694; 3)
(59483170206; 2)
(59483496806; 3)
(59502905880; 2)
(59502912413; 3)
(59503095337; 2)
(59503101870; 3)
(59503147601; 2)
(59615339874; 3)
(59615352954; 2)
(59615366034; 3)
(59615444514; 2)
(59615470674; 3)
(59615496834; 2)
(59730308772; 3)
(59730681894; 2)
(59735015346; 3)
(59771024488; 2)
(59771194736; 3)
(59771240572; 2)
(59771247120; 3)
(59771266764; 2)
(59771273312; 3)
(59771286408; 2)
(59797966179; 3)
(59798057879; 2)
(59798182329; 3)
(59798241279; 2)
(59798653929; 3)
(59798660479; 2)
(59798667029; 3)
(59798673579; 2)
(59798680129; 3)
(59798699779; 2)
(59798706329; 3)
(59798712879; 2)
(59798719429; 3)
(59798739079; 2)
(59798745629; 3)
(59798817679; 2)
(59798830779; 3)
(59799014179; 2)
(59799020729; 3)
(59799027279; 2)
(59799040379; 3)
(59799132079; 2)
(59799171379; 3)
(59799191029; 2)
(59799204129; 3)
(59799348229; 2)
(59799354779; 3)
(59799407179; 2)
(59799420279; 3)
(59800101479; 2)
(59800108029; 3)
(59800782679; 2)
(59802236779; 3)
(59802243329; 2)
(59802269529; 3)
(59802276079; 2)
(59802341579; 3)
(59802380879; 2)
(59802944179; 3)
(59802950729; 2)
(59802957279; 3)
(59802963829; 2)
(59802970379; 3)
(59803330629; 2)
(59803337179; 3)
(59803402679; 2)
(59803409229; 3)
(59806251929; 2)
(59806278129; 3)
(59806906929; 2)
(59807483329; 3)
(59807489879; 2)
(59807516079; 3)
(59807522629; 2)
(59815133778; 3)
(59815140329; 2)
(59819195398; 3)
(59819208500; 2)
(59819463989; 3)
(59819470540; 2)
(59819477091; 3)
(59819568805; 2)
(59819942212; 3)
(59819974967; 2)
(59819988069; 3)
(59819994620; 2)
(59820060130; 3)
(59820223905; 2)
(59820230456; 3)
(59820276313; 2)
(59821579962; 3)
(59821586513; 2)
(59821593064; 3)
(59821599615; 2)
(59821619268; 3)
(59821717533; 2)
(59821724084; 3)
(59821802696; 2)
(59821815798; 3)
(59821861655; 2)
(59821881308; 3)
(59821887859; 2)
(59906941765; 3)
(59907007325; 2)
(59907013881; 3)
(59907040105; 2)
(59907053217; 3)
(59907171225; 2)
(59907243341; 3)
(59907308901; 2)
(59907322013; 3)
(59907354793; 2)
(59908495537; 3)
(59924734795; 2)
(59933947380; 3)
(59933967051; 2)
(59933973608; 3)
(59933999836; 2)
(59934006393; 3)
(59934045735; 2)
(59934052292; 3)
(59934157204; 2)
(59934334243; 3)
(59934347357; 2)
(59934393256; 3)
(59934406370; 2)
(59934419484; 3)
(59934780119; 2)
(59934799790; 3)
(59948793355; 2)
(59949003211; 3)
(59949009769; 2)
(59949022885; 3)
(59949036001; 2)
(59954170915; 3)
(59954203705; 2)
(59954210263; 3)
(59954216821; 2)
(59955200521; 3)
(59955207079; 2)
(59955220195; 3)
(59955233311; 2)
(59955246427; 3)
(59955279217; 2)
(59955318565; 3)
(59955357913; 2)
(59955377587; 3)
(59955384145; 2)
(59955403819; 3)
(59955475957; 2)
(59955482515; 3)
(59955489073; 2)
(59955594001; 3)
(59955600559; 2)
(59955698929; 3)
(59955705487; 2)
(59955731719; 3)
(59955810415; 2)
(59958302455; 3)
(59958322129; 2)
(59958466405; 3)
(59958879559; 2)
(59958892675; 3)
(59960650219; 2)
(59960683009; 3)
(59960728915; 2)
(59960735473; 3)
(59960748589; 2)
(59960755147; 3)
(59960801053; 2)
(59960840401; 3)
(59960853517; 2)
(59960886307; 3)
(59961870141; 2)
(59961876700; 3)
(59961955408; 2)
(59961968526; 3)
(59962237445; 2)
(59997448927; 3)
(59997455487; 2)
(59997776959; 3)
(59997803203; 2)
(59997836008; 3)
(59997842569; 2)
(59997855691; 3)
(59997862252; 2)
(59997881935; 3)
(59998636450; 2)
(59998702060; 3)
(59998708621; 2)
