(8000000001; 10)
(8087127410; 11)
(8087129818; 10)
(8087132226; 11)
(8087163530; 10)
(8087226138; 11)
(8087245402; 10)
(8087250218; 11)
(8087257442; 10)
(8087269482; 11)
(8087281522; 10)
(8087356170; 11)
(8087438042; 10)
(8087476570; 11)
(8087495834; 10)
(8087505466; 11)
(8088974549; 10)
(8088984185; 11)
(8088989003; 10)
(8089003457; 11)
(8089135952; 10)
(8089138361; 11)
(8089258811; 10)
(8089261220; 11)
(8089270856; 10)
(8089294946; 11)
(8089302173; 10)
(8089304582; 11)
(8089306991; 10)
(8089311809; 11)
(8089328672; 10)
(8089331081; 11)
(8089357580; 10)
(8089359989; 11)
(8089362398; 10)
(8089367216; 11)
(8089369625; 10)
(8089372034; 11)
(8089755065; 10)
(8089757474; 11)
(8089817699; 10)
(8090000783; 11)
(8103685746; 12)
(8103688157; 11)
(8103719500; 12)
(8103731555; 11)
(8103746021; 12)
(8103748432; 11)
(8103830406; 12)
(8103890681; 11)
(8104052218; 12)
(8104057040; 11)
(8104061862; 12)
(8104136603; 11)
(8104141425; 12)
(8104143836; 11)
(8104146247; 12)
(8104216166; 11)
(8104225810; 12)
(8104237865; 11)
(8104242687; 12)
(8104245098; 11)
(8104430745; 12)
(8104433156; 11)
(8104437978; 12)
(8104457266; 11)
(8104462088; 12)
(8106870677; 11)
(8106873088; 12)
(8106877910; 11)
(8106880321; 12)
(8106894787; 11)
(8106897198; 12)
(8106899609; 11)
(8107198573; 12)
(8107458961; 11)
(8107466194; 12)
(8107475838; 11)
(8108131630; 12)
(8108134041; 11)
(8108138863; 12)
(8108148507; 11)
(8108153329; 12)
(8108155740; 11)
(8108179850; 12)
(8108184672; 11)
(8108194316; 12)
(8108199138; 11)
(8108223248; 12)
(8108228070; 11)
(8108264235; 12)
(8108273879; 11)
(8108278701; 12)
(8108295578; 11)
(8108317277; 12)
(8108322099; 11)
(8108493280; 12)
(8108495691; 11)
(8108498102; 12)
(8108625885; 11)
(8108628296; 12)
(8108645174; 11)
(8108649998; 12)
(8108657234; 11)
(8108715122; 12)
(8108756126; 11)
(8108765774; 12)
(8108768186; 11)
(8108770598; 12)
(8108794718; 11)
(8108797130; 12)
(8108997326; 11)
(8109019034; 12)
(8109047978; 11)
(8109074510; 12)
(8109173402; 11)
(8109178226; 12)
(8109192698; 11)
(8109209582; 12)
(8109211994; 11)
(8109214406; 12)
(8109224054; 11)
(8109226466; 12)
(8109228878; 11)
(8109236114; 12)
(8109749870; 11)
(8109979010; 12)
(8109988658; 11)
(8109991070; 12)
(8109995894; 11)
(8109998306; 12)
(8110003130; 11)
(8133068247; 10)
(8133070662; 11)
(8133080322; 10)
(8133389442; 11)
(8133394272; 10)
(8133401517; 11)
(8133403932; 10)
(8133406347; 11)
(8133413592; 10)
(8133416007; 11)
(8133432912; 10)
(8133464307; 11)
(8133483627; 10)
(8133486042; 11)
(8133488457; 10)
(8133568152; 11)
(8133655092; 10)
(8133696147; 11)
(8133865197; 10)
(8133896592; 11)
(8133947307; 10)
(8180701341; 9)
(8180706185; 10)
(8180740093; 9)
(8180965339; 10)
(8180967761; 9)
(8180970183; 10)
(8180972605; 9)
(8221777427; 10)
(8221808991; 9)
(8221811419; 10)
(8226501185; 9)
(8226525475; 10)
(8226532762; 9)
(8258124893; 10)
(8258154101; 9)
(8258156535; 10)
(8258161403; 9)
(8258163837; 10)
(8258176007; 9)
(8258307443; 10)
(8258309877; 9)
(8258312311; 10)
(8258314745; 9)
(8258317179; 10)
(8258324481; 9)
(8258331783; 10)
(8258341519; 9)
(8258358557; 10)
(8258468087; 9)
(8258524069; 10)
(8258533805; 9)
(8258570315; 10)
(8258577617; 9)
(8258580051; 10)
(8258616561; 9)
(8259612067; 10)
(8259665615; 9)
(8259670483; 10)
(8259685087; 9)
(8259702125; 10)
(8259721597; 9)
(8259753239; 10)
(8259765409; 9)
(8259767843; 10)
(8259772711; 9)
(8259780013; 10)
(8259784881; 9)
(8259797051; 10)
(8259874939; 9)
(8259882241; 10)
(8259933355; 9)
(8263883737; 10)
(8263895907; 9)
(8263898341; 10)
(8267653060; 9)
(8267672540; 10)
(8267674975; 9)
(8267677410; 10)
(8267682280; 9)
(8267757765; 10)
(8268254505; 9)
(8268271550; 10)
(8268276420; 9)
(8268283725; 10)
(8292013824; 9)
(8292018702; 10)
(8292021141; 9)
(8292026019; 10)
(8292028458; 9)
(8292030897; 10)
(8292033336; 9)
(8292043092; 10)
(8292057726; 9)
(8292086994; 10)
(8292223578; 9)
(8292230895; 10)
(8292286992; 9)
(8292294309; 10)
(8292301626; 9)
(8292304065; 10)
(8292306504; 9)
(8292423576; 10)
(8292430893; 9)
(8292438210; 10)
(8292443088; 9)
(8292445527; 10)
(8292455283; 9)
(8292460161; 10)
(8292467478; 9)
(8292545526; 10)
(8292582111; 9)
(8292613818; 10)
(8293091862; 9)
(8293108935; 10)
(8293128447; 9)
(8293133325; 10)
(8316847893; 9)
(8316850335; 10)
(8317509675; 9)
(8317512117; 10)
(8317551189; 9)
(8317705035; 10)
(8317739223; 9)
(8317741665; 10)
(8317746549; 9)
(8317780737; 10)
(8317883301; 9)
(8317897953; 10)
(8317900395; 9)
(8317910163; 10)
(8317924815; 9)
(8317927257; 10)
(8317929699; 9)
(8317939467; 10)
(8317963887; 9)
(8317971213; 10)
(8318005401; 9)
(8318007843; 10)
(8318012727; 9)
(8318171457; 10)
(8318173899; 9)
(8318188551; 10)
(8318259369; 9)
(8318535365; 10)
(8318537808; 9)
(8318906701; 10)
(8318918916; 9)
(8318921359; 10)
(8319168102; 9)
(8319194975; 10)
(8319302467; 9)
(8319309796; 10)
(8319407516; 9)
(8319419731; 10)
(8319705562; 9)
(8319720220; 10)
(8319771523; 9)
(8319932761; 10)
(8319947419; 9)
(8319949862; 10)
(8319954748; 9)
(8320184390; 10)
(8320199048; 9)
(8320201491; 10)
(8320206377; 9)
(8320208820; 10)
(8320221035; 9)
(8320230807; 10)
(8320233250; 9)
(8320240579; 10)
(8320245465; 9)
(8320247908; 10)
(8320252794; 9)
(8320316312; 10)
(8320323641; 9)
(8320758495; 10)
(8320775596; 9)
(8320802469; 10)
(8320804912; 9)
(8320831785; 10)
(8320834228; 9)
(8320870873; 10)
(8320875759; 9)
(8320900189; 10)
(8320914847; 9)
(8321051655; 10)
(8321215336; 9)
(8321295955; 10)
(8321305727; 9)
(8321315499; 10)
(8321317942; 9)
(8321332600; 10)
(8321337486; 9)
(8321361916; 10)
(8321364359; 9)
(8321569571; 10)
(8321586672; 9)
(8321589115; 10)
(8321601330; 9)
(8321613545; 10)
(8321647747; 9)
(8321728366; 10)
(8321747910; 9)
(8321772340; 10)
(8321992210; 9)
(8322001982; 10)
(8322028855; 9)
(8322031298; 10)
(8322072829; 9)
(8322092373; 10)
(8322094816; 9)
(8322129018; 10)
(8322131461; 9)
(8325608007; 10)
(8325610451; 9)
(8325661775; 10)
(8325664219; 9)
(8325967275; 10)
(8325974607; 9)
(8325989271; 10)
(8364422801; 9)
(8364430148; 10)
(8364432597; 9)
(8364439944; 10)
(8364444842; 9)
(8364452189; 10)
(8364459536; 9)
(8381277175; 8)
(8381279627; 9)
(8382010323; 8)
(8382020131; 9)
(8382022583; 8)
(8382027487; 9)
(8382029939; 8)
(8382034843; 9)
(8382103499; 8)
(8382439423; 9)
(8382522791; 8)
(8382530147; 9)
(8382642939; 8)
(8382645391; 9)
(8382660103; 8)
(8382662555; 9)
(8382667459; 8)
(8382677267; 9)
(8382709143; 8)
(8382760635; 9)
(8382763087; 8)
(8425016383; 9)
(8425154031; 8)
(8425156489; 9)
(8425188443; 8)
(8425190901; 9)
(8425193359; 8)
(8425402289; 9)
(8425409663; 8)
(8425412121; 9)
(8425426869; 8)
(8426938539; 9)
(8426950829; 8)
(8426953287; 9)
(8426960661; 8)
(8426975409; 9)
(8426980325; 8)
(8426987699; 9)
(8426992615; 8)
(8427004905; 9)
(8427017195; 8)
(8427093393; 9)
(8427508795; 8)
(8427516169; 9)
(8427523543; 8)
(8427535833; 9)
(8427538291; 8)
(8427548123; 9)
(8427550581; 8)
(8427555497; 9)
(8427570245; 8)
(8427577619; 9)
(8427584993; 8)
(8427636611; 9)
(8427648901; 8)
(8427666107; 9)
(8427695603; 8)
(8427702977; 9)
(8427766900; 8)
(8427769359; 9)
(8427771818; 8)
(8427774277; 9)
(8427914440; 8)
(8427939030; 9)
(8427941489; 8)
(8427948866; 9)
(8428263618; 8)
(8428310339; 9)
(8428347224; 8)
(8428364437; 9)
(8428374273; 8)
(8428713615; 9)
(8428750500; 8)
(8428752959; 9)
(8428760336; 8)
(8428762795; 9)
(8428767713; 8)
(8428775090; 9)
(8428787385; 8)
(8428934925; 9)
(8428937384; 8)
(8428939843; 9)
(8428944761; 8)
(8428947220; 9)
(8428954597; 8)
(8428957056; 9)
(8429018531; 8)
(8429020990; 9)
(8429097219; 8)
(8429099678; 9)
(8429111973; 8)
(8429114432; 9)
(8429126727; 8)
(8429136563; 9)
(8429146399; 8)
(8429170989; 9)
(8429180825; 8)
(8429183284; 9)
(8429217710; 8)
(8429289021; 9)
(8429291480; 8)
(8429530003; 9)
(8429773444; 8)
(8429775903; 9)
(8429807870; 8)
(8430572619; 9)
(8430579996; 8)
(8430582455; 9)
(8430614422; 8)
(8430619340; 9)
(8430850486; 8)
(8431204582; 9)
(8431229172; 8)
(8431231631; 9)
(8431234090; 8)
(8432075068; 9)
(8432087363; 8)
(8432092281; 9)
(8432097199; 8)
(8432114412; 9)
(8432271788; 8)
(8432276706; 9)
(8432284083; 8)
(8434047186; 9)
(8434049645; 8)
(8434054563; 9)
(8434057022; 8)
(8434179972; 9)
(8434457839; 8)
(8434462757; 9)
(8434465216; 8)
(8434470134; 9)
(8434479970; 8)
(8434487347; 9)
(8434548822; 8)
(8434556199; 9)
(8434580789; 8)
(8434634907; 9)
(8434671807; 8)
(8434706247; 9)
(8434804647; 8)
(8434812027; 9)
(8434976847; 8)
(8434989147; 9)
(8435003907; 8)
(8435006367; 9)
(8435011287; 8)
(8435013747; 9)
(8435016207; 8)
(8435028507; 9)
(8435033427; 8)
(8435082627; 9)
(8435090007; 8)
(8435092467; 9)
(8435094927; 8)
(8435097387; 9)
(8435104767; 8)
(8435107227; 9)
(8435247447; 8)
(8435249907; 9)
(8435257287; 8)
(8435262207; 9)
(8435264667; 8)
(8435377827; 9)
(8435385207; 8)
(8435392587; 9)
(8557479038; 8)
(8557483992; 9)
(8557486469; 8)
(8557511239; 9)
(8558095811; 8)
(8558128012; 9)
(8558132966; 8)
(8558167644; 9)
(8558212230; 8)
(8558217184; 9)
(8558222138; 8)
(8558224615; 9)
(8558229569; 8)
(8558541699; 9)
(8558663121; 8)
(8558677989; 9)
(8558680467; 8)
(8559423867; 9)
(8559438735; 8)
(8559456081; 9)
(8560147443; 8)
(8560152399; 9)
(8560154877; 8)
(8560172223; 9)
(8560174701; 8)
(8560211871; 9)
(8560263909; 8)
(8560266387; 9)
(8560278777; 8)
(8560306035; 9)
(8560313469; 8)
(8560330815; 9)
(8560333293; 8)
(8560335771; 9)
(8560345683; 8)
(8560382853; 9)
(8560395243; 8)
(8560397721; 9)
(8560442325; 8)
(8561143599; 9)
(8561146077; 8)
(8561158467; 9)
(8561165901; 8)
(8561309625; 9)
(8561319537; 8)
(8561324493; 9)
(8561326971; 8)
(8561329449; 9)
(8561334405; 8)
(8561344317; 9)
(8561366619; 8)
(8561421135; 9)
(8568628469; 8)
(8568633427; 9)
(8568635906; 8)
(8568658217; 9)
(8569151538; 8)
(8569154017; 9)
(8569156496; 8)
(8569488682; 9)
(8569506035; 8)
(8569510993; 9)
(8569582884; 8)
(8569587842; 9)
(8569828305; 8)
(8570133222; 9)
(8570155533; 8)
(8570158012; 9)
(8570182802; 8)
(8570187760; 9)
(8570190239; 8)
(8570192718; 9)
(8570911628; 8)
(8570933939; 9)
(8570946334; 8)
(8570948813; 9)
(8570966166; 8)
(8571097553; 9)
(8599563873; 10)
(8599566356; 9)
(8599573805; 10)
(8599593669; 9)
(8599596152; 10)
(8599603601; 9)
(8599606084; 10)
(8599608567; 9)
(8599611050; 10)
(8599616016; 9)
(8599618499; 10)
(8599620982; 9)
(8599625948; 10)
(8600159871; 9)
(8600234391; 10)
(8600236875; 9)
(8600239359; 10)
(8600241843; 9)
(8600296491; 10)
(8600316363; 9)
(8600318847; 10)
(8600323815; 9)
(8600326299; 10)
(8600346171; 9)
(8600760999; 10)
(8699218662; 9)
(8699223658; 10)
(8699226156; 9)
(8700287806; 10)
(8700365244; 9)
(8700869840; 10)
(8700872338; 9)
(8700877334; 10)
(8735284193; 11)
(8736430567; 10)
(8736455597; 11)
(8736460603; 10)
(8736465609; 11)
(8789542301; 10)
(8789544812; 11)
(8789547323; 10)
(8789549834; 11)
(8789569922; 10)
(8789620142; 11)
(8789625164; 10)
(8790373442; 11)
(8790375953; 10)
(8790378464; 11)
(8790385997; 10)
(8790388508; 11)
(8791528502; 10)
(8791573700; 11)
(8791576211; 10)
(8791603832; 11)
(8791616387; 10)
(8791787135; 11)
(8791792157; 10)
(8791802201; 11)
(8791804712; 10)
(8791834844; 11)
(8791839866; 10)
(8791857443; 11)
(8791859954; 10)
(8791867487; 11)
(8791962905; 10)
(8791965416; 11)
(8792008103; 10)
(8792020658; 11)
(8792043257; 10)
(8792118587; 11)
(8792121098; 10)
(8792138675; 11)
(8792141186; 10)
(8792148719; 11)
(8792163785; 10)
(8792296868; 11)
(8794905797; 10)
(8794910819; 11)
(8795126839; 10)
(8795129351; 11)
(8795136887; 10)
(8795149447; 11)
(8795154471; 10)
(8795162007; 11)
(8795576487; 10)
(8795601607; 11)
(8795654359; 10)
(8795659383; 11)
(8795669431; 10)
(8795681991; 11)
(8795692039; 10)
(8795694551; 11)
(8795697063; 10)
(8795699575; 11)
(8795702087; 10)
(8795709623; 11)
(8795714647; 10)
(8795719671; 11)
(8795739767; 10)
(8795742279; 11)
(8795895511; 10)
(8795900535; 11)
(8795903047; 10)
(8795908071; 11)
(8795915607; 10)
(8795923143; 11)
(8795925655; 10)
(8795948263; 11)
(8795960823; 10)
(8796058791; 11)
(8796111543; 10)
(8796116567; 11)
(8796119079; 10)
(8796139175; 11)
(8796146711; 10)
(8796149223; 11)
(8796174343; 10)
(8796179367; 11)
(8796493367; 10)
(8796495879; 11)
(8796510951; 10)
(8796513463; 11)
(8796646599; 10)
(8796656647; 11)
(8797468023; 10)
(8797508215; 11)
(8797513239; 10)
(8797545895; 11)
(8797548407; 10)
(8797598647; 11)
(8797638839; 10)
(8797651399; 11)
(8797653911; 10)
(8797656423; 11)
(8797663959; 10)
(8797814679; 11)
(8797824727; 10)
(8798324615; 11)
(8802622917; 10)
(8802632969; 11)
(8802635482; 10)
(8802643021; 11)
(8802703333; 10)
(8802705846; 11)
(8802816418; 10)
(8802818931; 11)
(8803130543; 10)
(8803135569; 11)
(8803143108; 10)
(8803165725; 11)
(8803381843; 10)
(8803384356; 11)
(8803386869; 10)
(8803401947; 11)
(8803414512; 10)
(8803417025; 11)
(8803419538; 10)
(8803422051; 11)
(8803424564; 10)
(8803472311; 11)
(8803474824; 10)
(8803477337; 11)
(8803479850; 10)
(8803489902; 11)
(8803492415; 10)
(8803499954; 11)
(8803502467; 10)
(8803520058; 11)
(8803912086; 10)
(8803914599; 11)
(8803934703; 10)
(8803952294; 11)
(8803954807; 10)
(8805600822; 11)
(8805603335; 10)
(8805608361; 11)
(8805610874; 10)
(8805615900; 11)
(8805633491; 10)
(8806686438; 11)
(8806688951; 10)
(8806691464; 11)
(8806699003; 10)
(8806859835; 11)
(8806864861; 10)
(8806869887; 11)
(8806889991; 10)
(8806892504; 11)
(8806900043; 10)
(8806902556; 11)
(8808742072; 10)
(8808747098; 11)
(8808897878; 10)
(8809000931; 11)
(8809053725; 10)
(8809056239; 11)
(8809058753; 10)
(8809093949; 11)
(8809257359; 10)
(8809274957; 11)
(8809285013; 10)
(8809332779; 11)
(8809365461; 10)
(8809380545; 11)
(8809383059; 10)
(8809385573; 11)
(8809390601; 10)
(8809455965; 11)
(8809460993; 10)
(8809471049; 11)
(8810207651; 10)
(8851870703; 11)
(8851900943; 10)
(8852283983; 11)
(8852301623; 10)
(8852445263; 11)
(8852447783; 10)
(8852465423; 11)
(8852490623; 10)
(8860275776; 11)
(8860394263; 10)
(8860414431; 11)
(8860429557; 10)
(8860432078; 11)
(8860679136; 10)
(8860689220; 11)
(8872006205; 10)
(8872016293; 11)
(8872028903; 10)
(8872031425; 11)
(8872033947; 10)
(8872099519; 11)
(8872107085; 10)
(8872440110; 11)
(8872442633; 10)
(8872551122; 11)
(8872596536; 10)
(8872604105; 11)
(8872634381; 10)
(8963877049; 9)
(8963884657; 10)
(8963889729; 9)
(8963897337; 10)
(8965170409; 9)
(8965198305; 10)
(8965312425; 9)
