(15000000001; 8)
(15033652573; 7)
(15033655857; 8)
(15033662425; 7)
(15034099197; 8)
(15034105765; 7)
(15034187865; 8)
(15034194433; 7)
(15034227273; 8)
(15034237125; 7)
(15035110669; 8)
(15035127089; 7)
(15035136941; 8)
(15035140225; 7)
(15035150077; 8)
(15035153361; 7)
(15035199337; 8)
(15035219041; 7)
(15035248597; 8)
(15035251881; 7)
(15035255165; 8)
(15035419365; 7)
(15035422649; 8)
(15035425933; 7)
(15036430837; 8)
(15036486665; 7)
(15036503085; 8)
(15036516221; 7)
(15036522789; 8)
(15036532641; 7)
(15036539209; 8)
(15036686989; 7)
(15056562135; 8)
(15056654143; 7)
(15056667287; 8)
(15056670573; 7)
(15056673859; 8)
(15056677145; 7)
(15056713291; 8)
(15056716577; 7)
(15056723149; 8)
(15056726435; 7)
(15056729721; 8)
(15056775725; 7)
(15056779011; 8)
(15056798727; 7)
(15056805299; 8)
(15056808585; 7)
(15056844731; 8)
(15057071465; 7)
(15057081323; 8)
(15057087895; 7)
(15057091181; 8)
(15057101039; 7)
(15066606498; 8)
(15066622933; 7)
(15066665664; 8)
(15066685386; 7)
(15066695247; 8)
(15066800431; 7)
(15066810292; 8)
(15067060104; 7)
(15067083113; 8)
(15067086400; 7)
(15067099548; 8)
(15067106122; 7)
(15067783244; 8)
(15067802966; 7)
(15067806253; 8)
(15067809540; 7)
(15067812827; 8)
(15067819401; 7)
(15067845697; 8)
(15067852271; 7)
(15068088945; 8)
(15068095521; 7)
(15068098809; 8)
(15068102097; 7)
(15068105385; 8)
(15068108673; 7)
(15068134977; 8)
(15068144841; 7)
(15068181009; 8)
(15068184297; 7)
(15068187585; 8)
(15068207313; 7)
(15068227041; 8)
(15068253345; 7)
(15068273073; 8)
(15068305953; 7)
(15068322393; 8)
(15068328969; 7)
(15068332257; 8)
(15068335545; 7)
(15068348697; 8)
(15068404593; 7)
(15068427609; 8)
(15068430897; 7)
(15068434185; 8)
(15068483505; 7)
(15068486793; 8)
(15068503233; 7)
(15068588721; 8)
(15068592009; 7)
(15068608449; 8)
(15068624889; 7)
(15068634753; 8)
(15068638041; 7)
(15068726817; 8)
(15068979993; 7)
(15068986569; 8)
(15068989857; 7)
(15069016161; 8)
(15069150969; 7)
(15069154257; 8)
(15069157545; 7)
(15069216729; 8)
(15069220017; 7)
(15069223305; 8)
(15069226593; 7)
(15069233169; 8)
(15069262761; 7)
(15069272625; 8)
(15070732497; 7)
(15070758801; 8)
(15070762089; 7)
(15070834425; 8)
(15070837713; 7)
(15071011977; 8)
(15071015265; 7)
(15071067873; 8)
(15071081025; 7)
(15071084313; 8)
(15071113905; 7)
(15071120481; 8)
(15071130345; 7)
(15071764929; 8)
(15071768217; 7)
(15071771505; 8)
(15071840553; 7)
(15071847129; 8)
(15071850417; 7)
(15071866857; 8)
(15095512621; 7)
(15095522491; 8)
(15095525781; 7)
(15095535651; 8)
(15095561971; 7)
(15095565261; 8)
(15095568552; 7)
(15095571843; 8)
(15095611335; 7)
(15095614626; 8)
(15095687028; 7)
(15095693610; 8)
(15095795631; 7)
(15095805504; 8)
(15095808795; 7)
(15096388011; 8)
(15096391302; 7)
(15096397884; 8)
(15097296327; 7)
(15097299618; 8)
(15097312782; 7)
(15097316073; 8)
(15097335819; 7)
(15097355565; 8)
(15097358856; 7)
(15097378602; 8)
(15097404930; 7)
(15097414803; 8)
(15097418094; 7)
(15098829933; 8)
(15098859552; 7)
(15098876007; 8)
(15098879298; 7)
(15098902335; 8)
(15098915499; 7)
(15098925372; 8)
(15099419022; 7)
(15099422313; 8)
(15099425604; 7)
(15099432186; 8)
(15099922545; 7)
(15099985074; 8)
(15100156206; 7)
(15100182534; 8)
(15100185825; 7)
(15100202280; 8)
(15100225317; 7)
(15100228608; 8)
(15100238481; 7)
(15100241772; 8)
(15100245063; 7)
(15101781960; 8)
(15101804997; 7)
(15105672205; 8)
(15105691957; 7)
(15105715001; 8)
(15105738045; 7)
(15105741337; 8)
(15105744629; 7)
(15105751213; 8)
(15105797301; 7)
(15105833513; 8)
(15105836805; 7)
(15106004697; 8)
(15106007989; 7)
(15106011281; 8)
(15106133085; 7)
(15115275381; 8)
(15115308311; 7)
(15115420273; 8)
(15115426859; 7)
(15115436738; 8)
(15115440031; 7)
(15115443324; 8)
(15116273160; 7)
(15116348899; 8)
(15116358778; 7)
(15116398294; 8)
(15117784647; 7)
(15117794526; 8)
(15117801112; 7)
(15117814284; 8)
(15117830749; 7)
(15117834042; 8)
(15117850507; 7)
(15117873558; 8)
(15117880144; 7)
(15118087603; 8)
(15118094189; 7)
(15118107361; 8)
(15118360922; 7)
(15118364215; 8)
(15118591432; 7)
(15118598018; 8)
(15118604604; 7)
(15118980006; 8)
(15118983299; 7)
(15118989885; 8)
(15118999764; 7)
(15119003057; 8)
(15119006350; 7)
(15119065624; 8)
(15119075503; 7)
(15119078796; 8)
(15119085382; 7)
(15120172072; 8)
(15120178658; 7)
(15120181951; 8)
(15120195123; 7)
(15120214881; 8)
(15120218174; 7)
(15120221467; 8)
(15120231346; 7)
(15120386117; 8)
(15120419047; 7)
(15120422340; 8)
(15120560646; 7)
(15120563939; 8)
(15120573818; 7)
(15120577111; 8)
(15120580404; 7)
(15139169771; 8)
(15139176361; 7)
(15139186246; 8)
(15139357586; 7)
(15140329611; 8)
(15140421871; 7)
(15140425166; 8)
(15140481181; 7)
(15140988611; 8)
(15141080871; 7)
(15141087461; 8)
(15141090756; 7)
(15149643761; 8)
(15149693201; 7)
(15149923921; 8)
(15149927217; 7)
(15149930513; 8)
(15149986545; 7)
(15150003025; 8)
(15150012913; 7)
(15150019505; 8)
(15150029393; 7)
(15150032689; 8)
(15150088721; 7)
(15150098609; 8)
(15150108497; 7)
(15150111793; 8)
(15150121681; 7)
(15150124977; 8)
(15150128273; 7)
(15152894295; 8)
(15152897592; 7)
(15152917374; 8)
(15152927265; 7)
(15152933859; 8)
(15152999799; 7)
(15153006393; 8)
(15153009690; 7)
(15153022878; 8)
(15153026175; 7)
(15153721842; 8)
(15153725139; 7)
(15153728436; 8)
(15153741624; 7)
(15153761406; 8)
(15153781188; 7)
(15153784485; 8)
(15153794376; 7)
(15157510095; 8)
(15157516689; 7)
(15157546362; 8)
(15157559550; 7)
(15157655163; 8)
(15157658460; 7)
(15157671648; 8)
(15230926253; 9)
(15230979133; 8)
(15230995658; 9)
(15231567423; 8)
(15251173985; 9)
(15251177292; 8)
(15251180599; 9)
(15251200441; 8)
(15251312879; 9)
(15251355870; 8)
(15251375712; 9)
(15251382326; 8)
(15251431931; 9)
(15251438545; 8)
(15251455080; 9)
(15252073535; 8)
(15252076843; 9)
(15252096691; 8)
(15252106615; 9)
(15252109923; 8)
(15252129771; 9)
(15254061643; 8)
(15254068259; 9)
(15254088107; 8)
(15254098031; 9)
(15254137727; 8)
(15254164191; 9)
(15254203887; 8)
(15254207195; 9)
(15254210503; 8)
(15254217119; 9)
(15254220427; 8)
(15254326283; 9)
(15336326335; 10)
(15336329652; 9)
(15336336286; 10)
(15338814085; 9)
(15338820719; 10)
(15338824036; 9)
(15338986569; 10)
(15338989886; 9)
(15338999837; 10)
(15339003154; 9)
(15339006471; 10)
(15339023056; 9)
(15339026373; 10)
(15339029690; 9)
(15339036324; 10)
(15339039641; 9)
(15339165687; 10)
(15339175638; 9)
(15339291733; 10)
(15339295050; 9)
(15339301684; 10)
(15339371341; 9)
(15339480802; 10)
(15339500704; 9)
(15339802551; 10)
(15339805868; 9)
(15339935231; 10)
(15339938548; 9)
(15339965084; 10)
(15339971718; 9)
(15339975035; 10)
(15339978352; 9)
(15340028107; 10)
(15340260297; 9)
(15340263614; 10)
(15340266931; 9)
(15340280199; 10)
(15340283516; 9)
(15340379709; 10)
(15340429464; 9)
(15340462634; 10)
(15340469268; 9)
(15342366592; 10)
(15342386494; 9)
(15342791168; 10)
(15342794485; 9)
(15343116234; 10)
(15343129502; 9)
(15343152721; 10)
(15343156038; 9)
(15343159355; 10)
(15343165989; 9)
(15343195842; 10)
(15343199159; 9)
(15343212427; 10)
(15343215744; 9)
(15343232329; 10)
(15343242280; 9)
(15343285401; 10)
(15343368326; 9)
(15343394862; 10)
(15343421398; 9)
(15343454568; 10)
(15343610467; 9)
(15343627052; 10)
(15343640320; 9)
(15343729879; 10)
(15343736513; 9)
(15343819438; 10)
(15344074847; 9)
(15344081481; 10)
(15344171040; 9)
(15344220795; 10)
(15503807243; 11)
(15503820583; 10)
(15503843928; 11)
(15503850598; 10)
(15503857268; 11)
(15503860603; 10)
(15503870608; 11)
(15537576117; 10)
(15537676257; 11)
(15537706299; 10)
(15537709637; 11)
(15537712975; 10)
(15537793087; 11)
(15537813115; 10)
(15537819791; 11)
(15537829805; 10)
(15537846495; 11)
(15537866523; 10)
(15537873199; 11)
(15537876537; 10)
(15537879875; 11)
(15537883213; 10)
(15537886551; 11)
(15537959987; 10)
(15537976677; 11)
(15538156929; 10)
(15538163605; 11)
(15538213675; 10)
(15538220351; 11)
(15538223689; 10)
(15538227027; 11)
(15538230365; 10)
(15538233703; 11)
(15538237041; 10)
(15538243717; 11)
(15538263745; 10)
(15538267083; 11)
(15538270421; 10)
(15538287111; 11)
(15538290449; 10)
(15538293787; 11)
(15538687671; 10)
(15538964725; 11)
(15538994767; 10)
(15538998105; 11)
(15539001443; 10)
(15539058189; 11)
(15539071541; 10)
(15539074879; 11)
(15539078217; 10)
(15539151662; 11)
(15539161679; 10)
(15539165018; 11)
(15539175035; 10)
(15539191730; 11)
(15539201747; 10)
(15539205086; 11)
(15539208425; 10)
(15539221781; 11)
(15539642495; 10)
(15540039836; 11)
(15540049853; 10)
(15540053192; 11)
(15540056531; 10)
(15540059870; 11)
(15540153362; 10)
(15540163379; 11)
(15540180074; 10)
(15540183413; 11)
(15540186752; 10)
(15540954722; 11)
(15540988112; 10)
(15540994790; 11)
(15541141706; 10)
(15541592471; 11)
(15541619183; 10)
(15541622522; 11)
(15541969778; 10)
(15542303678; 11)
(15542333729; 10)
(15542337068; 11)
(15542684324; 10)
(15542687663; 11)
(15542691002; 10)
(15542867969; 11)
(15542898020; 10)
(15542904698; 11)
(15542918054; 10)
(15542921393; 11)
(15542928071; 10)
(15542931410; 11)
(15542954783; 10)
(15542994851; 11)
(15544931471; 10)
(15544978217; 11)
(15544988234; 10)
(15544994912; 11)
(15545398931; 10)
(15545405609; 11)
(15545408948; 10)
(15545445677; 11)
(15545465711; 10)
(15545712797; 11)
(15545742848; 10)
(15545849696; 11)
(15545856374; 10)
(15545876408; 11)
(15545879747; 10)
(15545883086; 11)
(15545886425; 10)
(15546253715; 11)
(15546270410; 10)
(15546277088; 11)
(15546313817; 10)
(15546317156; 11)
(15546330512; 10)
(15546818006; 11)
(15546844718; 10)
(15546851396; 11)
(15546854735; 10)
(15546858074; 11)
(15546861413; 10)
(15546874769; 11)
(15546878108; 10)
(15546881447; 11)
(15546914837; 10)
(15546948227; 11)
(15547141889; 10)
(15547151906; 11)
(15547175279; 10)
(15547178618; 11)
(15547792994; 10)
(15548474164; 11)
(15548520924; 10)
(15548557664; 11)
(15548561004; 10)
(15548851584; 11)
(15548881644; 10)
(15548884984; 11)
(15548891664; 10)
(15548895004; 11)
(15548925064; 10)
(15566329035; 11)
(15566369127; 10)
(15566405878; 11)
(15566466016; 10)
(15566469357; 11)
(15574820840; 10)
(15574834208; 11)
(15574850918; 10)
(15574947836; 11)
(15598343159; 10)
(15598389989; 11)
(15598396679; 10)
(15609704382; 11)
(15609707728; 10)
(15609714420; 11)
(15609804762; 10)
(15609808108; 11)
(15609841568; 10)
(15609844914; 11)
(15610012214; 10)
(15610025598; 11)
(15610045674; 10)
(15610276548; 11)
(15610279894; 10)
(15610283240; 11)
(15610346814; 10)
(15610641262; 11)
(15610661338; 10)
(15610768410; 11)
(15610775102; 10)
(15610778448; 11)
(15610952440; 10)
(15611049474; 11)
(15611056166; 10)
(15611059512; 11)
(15611062858; 10)
(15611126432; 11)
(15611129778; 10)
(15611467724; 11)
(15633433524; 10)
(15633436873; 11)
(15633456967; 10)
(15633497155; 11)
(15633520598; 10)
(15633530645; 11)
(15633540692; 10)
(15633544041; 11)
(15633547390; 10)
(15633554088; 11)
(15645795914; 10)
(15645805964; 11)
(15645819364; 10)
(15645822714; 11)
(15645832764; 10)
(15645842814; 11)
(15645859564; 10)
(15645923214; 11)
(15645929914; 10)
(15645953364; 11)
(15646023714; 10)
(15646027064; 11)
(15646053864; 10)
(15646070614; 11)
(15646154364; 10)
(15646197914; 11)
(15646207964; 10)
(15646214664; 11)
(15646231414; 10)
(15646234764; 11)
(15646248164; 10)
(15646251514; 11)
(15646298414; 10)
(15646301764; 11)
(15646305114; 10)
(15646308464; 11)
(15646311814; 10)
(15648439064; 11)
(15648455814; 10)
(15648459164; 11)
(15648683614; 10)
(15648703714; 11)
(15648713764; 10)
(15648720464; 11)
(15648727164; 10)
(15648730514; 11)
(15648784114; 10)
(15648787464; 11)
(15648797514; 10)
(15648800864; 11)
(15648820964; 10)
(15648824314; 11)
(15648847764; 10)
(15648854464; 11)
(15648857814; 10)
(15648867864; 11)
(15650817564; 10)
(15650830964; 11)
(15650844364; 10)
(15651011864; 11)
(15651015215; 10)
(15651018566; 11)
(15651082235; 10)
(15652667258; 11)
(15653481551; 10)
(15653873618; 11)
(15653887022; 10)
(15653893724; 11)
(15653920532; 10)
(15653923883; 11)
(15654057923; 10)
(15654064625; 11)
(15654071327; 10)
(15654121592; 11)
(15654168506; 10)
(15654188612; 11)
(15654198665; 10)
(15654202016; 11)
(15654208718; 10)
(15654215420; 11)
(15654218771; 10)
(15654279089; 11)
(15654289142; 10)
(15654332705; 11)
(15654399725; 10)
(15654513659; 11)
(15654520361; 10)
(15654533765; 11)
(15654537116; 10)
(15654553871; 11)
(15654557222; 10)
(15654597434; 11)
(15654614189; 10)
(15654637646; 11)
(15654651050; 10)
(15654758282; 11)
(15654768335; 10)
(15669243956; 11)
(15669257364; 10)
(15669267420; 11)
(15669277476; 10)
(15669284180; 11)
(15669287532; 10)
(15669321052; 11)
(15669334460; 10)
(15669337812; 11)
(15669357924; 10)
(15669384740; 11)
(15669404852; 10)
(15669451780; 11)
(15669455132; 10)
(15669589212; 11)
(15669652900; 10)
(15669662956; 11)
(15669669660; 10)
(15669679716; 11)
(15669683068; 10)
(15669736711; 11)
(15669790359; 10)
(15669797065; 11)
(15669800418; 10)
(15669823889; 11)
(15669830595; 10)
(15669833948; 11)
(15669840654; 10)
(15669860772; 11)
(15670534725; 10)
(15670544784; 11)
(15670551490; 10)
(15670554843; 11)
(15670564902; 10)
(15670608491; 11)
(15670692316; 10)
(15670699022; 11)
(15670883437; 10)
(15671255620; 11)
(15671336092; 10)
(15671362916; 11)
(15671393093; 10)
(15671413211; 11)
(15671416564; 10)
(15671486977; 11)
(15671493683; 10)
(15671510448; 11)
(15671517154; 10)
(15671537272; 11)
(15671543978; 10)
(15671550684; 11)
(15671554037; 10)
(15671557390; 11)
(15671560743; 10)
(15671564096; 11)
(15671574155; 10)
(15671577508; 11)
(15671587567; 10)
(15671627803; 11)
(15671634509; 10)
(15671664686; 11)
(15671668039; 10)
(15671775335; 11)
(15671832336; 10)
(15671852454; 11)
(15671859160; 10)
(15671862513; 11)
(15671865866; 10)
(15671882631; 11)
(15671885984; 10)
(15671916161; 11)
(15672020104; 10)
(15672030163; 11)
(15672036869; 10)
(15673126594; 11)
(15673133300; 10)
(15673136653; 11)
(15673140006; 10)
(15673143359; 11)
(15673146712; 10)
(15673153418; 11)
(15673166830; 10)
(15673170183; 11)
(15673277479; 10)
(15673284185; 11)
(15673287538; 10)
(15673592661; 11)
(15673602720; 10)
(15673626191; 11)
(15673656368; 10)
(15673800547; 11)
(15673803900; 10)
(15673854195; 11)
(15673857548; 10)
(15673931314; 11)
(15673964844; 10)
(15673988315; 11)
(15674166024; 10)
(15674169377; 11)
(15674585149; 10)
(15674588502; 11)
(15674712563; 10)
(15674715916; 11)
(15691233919; 10)
(15691243984; 11)
(15691254049; 10)
(15691260759; 11)
(15691264114; 10)
(15691290954; 11)
(15691301019; 10)
(15692934904; 11)
(15692944969; 10)
(15692958389; 11)
(15710882480; 10)
(15710966405; 11)
(15710969762; 10)
(15710976476; 11)
(15710983190; 10)
(15710986547; 11)
(15711053687; 10)
(15711093971; 11)
(15711194681; 10)
(15711198038; 11)
(15711218180; 10)
(15779326872; 9)
(15779350420; 10)
(15779360512; 9)
(15779363876; 10)
(15782818929; 9)
(15782822294; 10)
(15782842484; 9)
(15782859309; 10)
(15785359504; 9)
(15785362869; 10)
(15785420074; 9)
(15785426804; 10)
(15785433534; 9)
(15785453724; 10)
(15785484009; 9)
(15785487374; 10)
(15785521024; 9)
(15785632069; 10)
(15785635434; 9)
(15785689274; 10)
(15785736384; 9)
(15785739749; 10)
(15785743114; 9)
(15785746479; 10)
(15785783494; 9)
(15785796954; 10)
(15785965204; 9)
(15786005584; 10)
(15786008949; 9)
(15790450749; 10)
(15790457479; 9)
(15792840314; 10)
(15792843680; 9)
(15792847046; 10)
(15792857144; 9)
(15792863876; 10)
(15792894170; 9)
(15792924464; 10)
(15792971588; 9)
(15792981686; 10)
(15793234136; 9)
(15793237502; 10)
(15793244234; 9)
(15793250966; 10)
(15793254332; 9)
(15793257698; 10)
(15793264430; 9)
(15793267796; 10)
(15793304822; 9)
(15793308188; 10)
(15793318286; 9)
(15793321652; 10)
(15793392338; 9)
(15793395704; 10)
(15793402436; 9)
(15793405802; 10)
(15793412534; 9)
(15793415900; 10)
(15793429364; 9)
(15793432730; 10)
(15793436096; 9)
(15793439462; 10)
(15793442828; 9)
(15793446194; 10)
(15793449560; 9)
(15793466390; 10)
(15793473122; 9)
(15793479854; 10)
(15793483220; 9)
(15807070250; 10)
(15807073617; 9)
(15807080351; 10)
(15807083718; 9)
(15807107287; 10)
(15807127489; 9)
(15807295839; 10)
(15807299206; 9)
(15807302573; 10)
(15807316041; 9)
(15807322775; 10)
(15807356445; 9)
(15807396849; 10)
(15807403583; 9)
(15807531529; 10)
(15807740283; 9)
(15807750384; 10)
(15807848027; 9)
(15807871596; 10)
(15807878330; 9)
(15807881697; 10)
(15807885064; 9)
(15807891798; 10)
(15807959138; 9)
(15807965872; 10)
(15808002909; 9)
(15808050047; 10)
(15808053414; 9)
(15880434840; 8)
(15880441590; 9)
(15880444965; 8)
(15880448340; 9)
(15880610340; 8)
(15880765590; 9)
(15882476715; 8)
(15882925590; 9)
(15882928965; 8)
(15882932340; 9)
(15882939090; 8)
(15882999840; 9)
(15883128090; 8)
(15883134840; 9)
(15883138215; 8)
(15883141590; 9)
(15883195590; 8)
(15883259715; 9)
(15883266465; 8)
(15883269840; 9)
(15883273215; 8)
(15883296840; 9)
(15883320465; 8)
(15883364340; 9)
(15883371090; 8)
(15883377840; 9)
(15883381215; 8)
(15883398090; 9)
(15883425090; 8)
(15883431840; 9)
(15883458840; 8)
(15883492590; 9)
(15883495965; 8)
(15883502715; 9)
(15883506090; 8)
(15883512840; 9)
(15883522965; 8)
(15883533090; 9)
(15885912614; 8)
(15885926118; 9)
(15885929494; 8)
(15885932870; 9)
(15885942998; 8)
(15887148230; 9)
(15887168486; 8)
(15887171862; 9)
(15887175238; 8)
(15887458822; 9)
(15887472326; 8)
(15887499334; 9)
(15887506086; 8)
(15887529718; 9)
(15887539846; 8)
(15889558694; 9)
(15889565446; 8)
(15923775130; 9)
(15923866390; 8)
(15923954270; 9)
(15923957650; 8)
(15923981310; 9)
(15923991450; 8)
(15924092850; 9)
(15924099610; 8)
(15924160450; 9)
(15924167210; 8)
(15926708970; 9)
(15926712350; 8)
(15926715730; 9)
(15926719110; 8)
(15926722490; 9)
(15926729250; 8)
(15926732630; 9)
(15926763050; 8)
(15926766430; 9)
(15932144010; 8)
(15932147390; 9)
(15932164290; 8)
(15932167670; 9)
(15932171050; 8)
(15932184570; 9)
(15932194710; 8)
(15932204850; 9)
(15932252170; 8)
(15932255550; 9)
(15932505672; 8)
(15932509053; 9)
(15932515815; 8)
(15932519196; 9)
(15932529339; 8)
(15932532720; 9)
(15932566530; 8)
(15932708532; 9)
(15932711913; 8)
(15932732199; 9)
(15932738961; 8)
(15932776152; 9)
(15933239349; 8)
(15933242730; 9)
(15933496305; 8)
(15933844548; 9)
(15934426080; 8)
(15934436223; 9)
(15934439604; 8)
(15934442985; 9)
(15939386007; 8)
(15939389388; 9)
