(242000000001; 2)
(242057953104; 1)
(242058071706; 2)
(242058150774; 1)
(242058177130; 2)
(242058190308; 1)
(242059639888; 2)
(242059679422; 1)
(242060496458; 2)
(242060509636; 1)
(242061353028; 2)
(242061366206; 1)
(242061445274; 2)
(242061484808; 1)
(242061511164; 2)
(242078326292; 1)
(242078563496; 2)
(242078629386; 1)
(242078642564; 2)
(242078813878; 1)
(242078840234; 2)
(242078853412; 1)
(242078892946; 2)
(242078945658; 1)
(242079130150; 2)
(242079156506; 1)
(242079301464; 2)
(242079340998; 1)
(242086154510; 2)
(242086325837; 1)
(242086365374; 2)
(242086378553; 1)
(242086470806; 2)
(242086497164; 1)
(242086510343; 2)
(242112064424; 1)
(242119853468; 2)
(242119906188; 1)
(242148493608; 2)
(242148691308; 1)
(242148757208; 2)
(242148770388; 1)
(242148796748; 2)
(242148809928; 1)
(242148862648; 2)
(242148889008; 1)
(242148902188; 2)
(242149297588; 1)
(242149640268; 2)
(242251021541; 1)
(242251100639; 2)
(242251113822; 1)
(242251127005; 2)
(242251140188; 1)
(242251232469; 2)
(242251377482; 1)
(242251456580; 2)
(242251469763; 1)
(242251482946; 2)
(242251997083; 1)
(242252010266; 2)
(242252023449; 1)
(242252036632; 2)
(242252089364; 1)
(242252445305; 2)
(242252471671; 1)
(242253144004; 2)
(242268186165; 1)
(242268291637; 2)
(242268304821; 1)
(242268344373; 2)
(242268383925; 1)
(242268397109; 2)
(242268436661; 1)
(242268476213; 2)
(242268515765; 1)
(242268528949; 2)
(242269148597; 1)
(242269465013; 2)
(242269491381; 1)
(242269913269; 2)
(242270677941; 1)
(242273815733; 2)
(242274224437; 1)
(242274237621; 2)
(242274514485; 1)
(242274554037; 2)
(242274830901; 1)
(242274844085; 2)
(242274857269; 1)
(242275107765; 2)
(242275120949; 1)
(242275186869; 2)
(242275371445; 1)
(242275397813; 2)
(242276096565; 1)
(242276122933; 2)
(242279814453; 1)
(242279854005; 2)
(242280420917; 1)
(242280486837; 2)
(242280513205; 1)
(242280592309; 2)
(242280816437; 1)
(242280829621; 2)
(242280842805; 1)
(242280961461; 2)
(242280974645; 1)
(242280987829; 2)
(242281027381; 1)
(242281185589; 2)
(242281857973; 1)
(242281871157; 2)
(242281884341; 1)
(242281897525; 2)
(242281976629; 1)
(242281989813; 2)
(242282002997; 1)
(242282227125; 2)
(242282266677; 1)
(242282438069; 2)
(242282464437; 1)
(242282477621; 2)
(242282649013; 1)
(242282701749; 2)
(242282754485; 1)
(242283360949; 2)
(242283374133; 1)
(242283387317; 2)
(242283400501; 1)
(242283426869; 2)
(242283453237; 1)
(242283558709; 2)
(242283611445; 1)
(242283624629; 2)
(242283650997; 1)
(242283796021; 2)
(242283967413; 1)
(242283980597; 2)
(242283993781; 1)
(242284006965; 2)
(242289135541; 1)
(242289201461; 2)
(242289412405; 1)
(242289438773; 2)
(242289478325; 1)
(242291179061; 2)
(242291469109; 1)
(242291627317; 2)
(242291640501; 1)
(242295055157; 2)
(242295068341; 1)
(242295252917; 2)
(242297744693; 1)
(242297757877; 2)
(242297771061; 1)
(242299208117; 2)
(242299221301; 1)
(242299247669; 2)
(242299300405; 1)
(242299946421; 2)
(242299972789; 1)
(242300117813; 2)
(242303110800; 1)
(242303176725; 2)
(242303189910; 1)
(242303216280; 2)
(242303282205; 1)
(242303295390; 2)
(242303572275; 1)
(242303585460; 2)
(242303625015; 1)
(242304706185; 2)
(242304732555; 1)
(242304811665; 2)
(242304824850; 1)
(242304864405; 2)
(242304890775; 1)
(242304903960; 2)
(242304917145; 1)
(242304969885; 2)
(242304996255; 1)
(242305009440; 2)
(242305062180; 1)
(242305088550; 2)
(242305154475; 1)
(242305497285; 2)
(242319697530; 1)
(242319855750; 2)
(242319948045; 1)
(242319974415; 2)
(242319987600; 1)
(242320000785; 2)
(242320106265; 1)
(242323006965; 2)
(242465268932; 1)
(242465308499; 2)
(242465334877; 1)
(242465348066; 2)
(242465466767; 1)
(242465519523; 2)
(242465545901; 1)
(242465875626; 2)
(242465902004; 1)
(242470478587; 2)
(242470491776; 1)
(242472074456; 2)
(242472404181; 1)
(242473287844; 2)
(242473353789; 1)
(242473380167; 2)
(242473670325; 1)
(242474329775; 2)
(242474448476; 1)
(242474540799; 2)
(242474553988; 1)
(242474567177; 2)
(242486516600; 1)
(242486542980; 2)
(242486556170; 1)
(242486582550; 2)
(242486635310; 1)
(242486661690; 2)
(242486806780; 1)
(242487070580; 2)
(242487136530; 1)
(242487373950; 2)
(242487492660; 1)
(242487571800; 2)
(242487584990; 1)
(242487611370; 2)
(242487624560; 1)
(242488270870; 2)
(242488640190; 1)
(242488653380; 2)
(242488772090; 1)
(242488785280; 2)
(242488798470; 1)
(242488851230; 2)
(242488903990; 1)
(242488969940; 2)
(242489141410; 1)
(242489154600; 2)
(242489260120; 1)
(242489326070; 2)
(242489378830; 1)
(242489418400; 2)
(242489959190; 1)
(242489985570; 2)
(242489998760; 1)
(242490011950; 2)
(242490104280; 1)
(242490117470; 2)
(242490275750; 1)
(242490434030; 2)
(242490447220; 1)
(242490684640; 2)
(242490697830; 1)
(242490790160; 2)
(242492307010; 1)
(242492333390; 2)
(242492346580; 1)
(242492834610; 2)
(242492860990; 1)
(242493955760; 2)
(242493995330; 1)
(242494048090; 2)
(242494074470; 1)
(242497517060; 2)
(242497530250; 1)
(242497754480; 2)
(242497767670; 1)
(242497780860; 2)
(242498690970; 1)
(242498862440; 2)
(242498888820; 1)
(242499310900; 2)
(242499324090; 1)
(242499403230; 2)
(242499455990; 1)
(242501183880; 2)
(242501197070; 1)
(242501302590; 2)
(242567177694; 1)
(242567190886; 2)
(242567217270; 1)
(242567256846; 2)
(242567309614; 1)
(242567362382; 2)
(242567388766; 1)
(242567415150; 2)
(242567428342; 1)
(242567441534; 2)
(242568430934; 1)
(242568787118; 2)
(242568919038; 1)
(242568958614; 2)
(242568971806; 1)
(242568984998; 2)
(242569024574; 1)
(242572863446; 2)
(242572942598; 1)
(242573008558; 2)
(242573021750; 1)
(242573061326; 2)
(242573074518; 1)
(242573100902; 2)
(242573114094; 1)
(242573562622; 2)
(242573575814; 1)
(242581952734; 2)
(242581992310; 1)
(242582097846; 2)
(242582216574; 1)
(242584050262; 2)
(242584063454; 1)
(242584076646; 2)
(242584155798; 1)
(242584168990; 2)
(242584195374; 1)
(242584472406; 2)
(242584485598; 1)
(242584670286; 2)
(242584683478; 1)
(242584736246; 2)
(242584815398; 1)
(242584894550; 2)
(242586081830; 1)
(242593719998; 2)
(242594379601; 1)
(242594564303; 2)
(242597295254; 1)
(242597585500; 2)
(242597928518; 1)
(242597941711; 2)
(242597981290; 1)
(242598640940; 2)
(242598667326; 1)
(242598680519; 2)
(242598706905; 1)
(242598759677; 2)
(242598799256; 1)
(242598812449; 2)
(242598931186; 1)
(242598944379; 2)
(242599129081; 1)
(242599142274; 2)
(242599221432; 1)
(242599630415; 2)
(242610052885; 1)
(242610250780; 2)
(242610277166; 1)
(242610316745; 2)
(242610593798; 1)
(242610606991; 2)
(242610633377; 1)
(242610672956; 2)
(242610804886; 1)
(242610818079; 2)
(242610844465; 1)
