(102000000001; 1)
(102061556501; 0)
(102061573615; 1)
(102061633514; 0)
(102061642071; 1)
(102061881667; 0)
(102062318074; 1)
(102062335188; 0)
(102062480657; 1)
(102068658811; 0)
(102068718710; 1)
(102068727267; 0)
(102068735824; 1)
(102068744381; 0)
(102068795723; 1)
(102068804280; 0)
(102068812837; 1)
(102068838508; 0)
(102068847065; 1)
(102068855622; 0)
(102068864179; 1)
(102068872736; 0)
(102093835192; 1)
(102093843750; 0)
(102097386762; 1)
(102097395320; 0)
(102097412436; 1)
(102097420994; 0)
(102097429552; 1)
(102097754756; 0)
(102097780430; 1)
(102097891684; 0)
(102098833064; 1)
(102100339272; 0)
(102100356388; 1)
(102100364946; 0)
(102100382062; 1)
(102100390620; 0)
(102100407736; 1)
(102100433410; 0)
(102100450526; 1)
(102100493316; 0)
(102100501874; 1)
(102100758614; 0)
(102100767172; 1)
(102100775730; 0)
(102100886984; 1)
(102100895542; 0)
(102100904100; 1)
(102100921216; 0)
(102109925011; 1)
(102110190340; 0)
(102110250253; 1)
(102111807991; 0)
(102111825109; 1)
(102112449916; 0)
(102112809394; 1)
(102112817953; 0)
(102112826512; 1)
(102112835071; 0)
(102112852189; 1)
(102112877866; 0)
(102112903543; 1)
(102128044522; 0)
(102128095882; 1)
(102140850282; 0)
(102140858842; 1)
(102145344282; 0)
(102145352842; 1)
(102146688202; 0)
(102146696762; 1)
(102146722442; 0)
(102146739562; 1)
(102146782362; 0)
(102146816602; 1)
(102146833722; 0)
(102146867962; 1)
(102146885082; 0)
(102211491681; 1)
(102211525933; 0)
(102211534496; 1)
(102211603000; 0)
(102211611563; 1)
(102211645815; 0)
(102211654378; 1)
(102211688630; 0)
(102211722882; 1)
(102212322292; 0)
(102212347981; 1)
(102212365107; 0)
(102212459300; 1)
(102213503986; 0)
(102213640994; 1)
(102213649557; 0)
(102213658120; 1)
(102213683809; 0)
(102214317471; 1)
(102214326034; 0)
(102215653299; 1)
(102220174563; 0)
(102220465705; 1)
(102220474268; 0)
(102220534209; 1)
(102220542772; 0)
(102220577024; 1)
(102221133619; 0)
(102221150745; 1)
(102221262064; 0)
(102221287753; 1)
(102221296316; 0)
(102221364820; 1)
(102222777737; 0)
(102222786301; 1)
(102222889069; 0)
(102222906197; 1)
(102222923325; 0)
(102222931889; 1)
(102222957581; 0)
(102222983273; 1)
(102223120297; 0)
(102223205937; 1)
(102223214501; 0)
(102223231629; 1)
(102223300141; 0)
(102223437165; 1)
(102223445729; 0)
(102224901609; 1)
(102225004377; 0)
(102225012941; 1)
(102225021505; 0)
(102225038633; 1)
(102225047197; 0)
(102225055761; 1)
(102225072889; 0)
(102225149965; 1)
(102225312681; 0)
(102225364065; 1)
(102225372629; 0)
(102225381193; 1)
(102225398321; 0)
(102228121673; 1)
(102228138801; 0)
(102228147365; 1)
(102244076405; 0)
(102244084969; 1)
(102244093533; 0)
(102244102097; 1)
(102244153481; 0)
(102244162045; 1)
(102244196301; 0)
(102244230557; 1)
(102244239121; 0)
(102244247685; 1)
(102244281941; 0)
(102247604906; 1)
(102504359916; 2)
(102504462816; 1)
(102504471391; 2)
(102504625741; 1)
(102504634316; 2)
(102504677191; 1)
(102504711491; 2)
(102504720066; 1)
(102504780091; 2)
(102504788666; 1)
(102505140241; 2)
(102505183116; 1)
(102505714766; 2)
(102505731916; 1)
(102505791941; 2)
(102506083491; 1)
(102506100641; 2)
(102506109216; 1)
(102506117791; 2)
(102506143516; 1)
(102506194966; 2)
(102506203541; 1)
(102506212116; 2)
(102506237841; 1)
(102506392191; 2)
(102506666591; 1)
(102506683741; 2)
(102510053809; 1)
(102510062385; 2)
(102510088113; 1)
(102510096689; 2)
(102510105265; 1)
(102510113841; 2)
(102510191025; 1)
(102510225329; 2)
(102510259633; 1)
(102510268209; 2)
(102550826172; 1)
(102550963404; 2)
(102550989135; 1)
(102550997712; 2)
(102551006289; 1)
(102551049174; 2)
(102551083482; 1)
(102551177829; 2)
(102551194983; 1)
(102551220714; 2)
(102640735410; 1)
(102640752572; 2)
(102640804058; 1)
(102640898449; 2)
(102640949935; 1)
(102640975678; 2)
(102640992840; 1)
(102641061488; 2)
(102696596570; 1)
(102696690983; 2)
(102696699566; 1)
(102696725315; 2)
(102696733898; 1)
(102696742481; 2)
(102696751064; 1)
(102697686611; 2)
(102701892432; 1)
(102702055528; 2)
(102702072696; 1)
(102702081280; 2)
(102702107032; 1)
(102703823832; 2)
(102710905632; 1)
(102711008640; 2)
(102711017224; 1)
(102711025808; 2)
(102711283328; 1)
(102711386336; 2)
(102711661024; 1)
(102711669608; 2)
(102711755448; 1)
(102711764032; 2)
(102717257792; 1)
(102717266376; 2)
(102717403720; 1)
(102717429472; 2)
(102717446640; 1)
(102717455224; 2)
(102717463808; 1)
(102717850088; 2)
(102717858672; 1)
(102717875840; 2)
(102718073272; 1)
(102718450968; 2)
(102718468136; 1)
(102718485304; 2)
(102718502472; 1)
(102718828664; 2)
(102718837248; 1)
(102718845832; 2)
(102722219344; 1)
(102722245096; 2)
(102722262264; 1)
(102722279432; 2)
(102722399608; 1)
(102722451112; 2)
(102722459696; 1)
(102722502616; 2)
(102722528368; 1)
(102810752410; 2)
(102810803938; 1)
(102810838290; 2)
(102810898406; 1)
(102810967110; 2)
(102811010050; 1)
(102811018638; 2)
(102811052990; 1)
(102811611210; 2)
(102811636974; 1)
(102815372754; 2)
(102827225003; 1)
(102827267948; 2)
(102827293715; 1)
(102827534207; 2)
(102827568563; 1)
(102827611508; 2)
(102827620097; 1)
(102827688809; 2)
(102827697398; 1)
(102827748932; 2)
(102829793114; 1)
(102829801703; 2)
(102829818881; 1)
(102829853237; 2)
(102829930538; 1)
(102832507238; 2)
(102833555096; 1)
(102833718287; 2)
(102833812766; 1)
(102833829944; 2)
(102833907245; 1)
(102833924423; 2)
(102833941601; 1)
(102834190682; 2)
(102834233627; 1)
(102834285161; 2)
(102834448352; 1)
