(9000000001; 9)
(9019268223; 8)
(9019512351; 9)
(9019519980; 8)
(9019527609; 9)
(9019540324; 8)
(9019542867; 9)
(9019891258; 8)
(9019898887; 9)
(9025233441; 8)
(9025235985; 9)
(9025241073; 8)
(9025243617; 9)
(9025256337; 8)
(9025370817; 9)
(9025373361; 8)
(9025538721; 9)
(9025541265; 8)
(9025945761; 9)
(9027721546; 8)
(9027988771; 9)
(9028006586; 8)
(9028009131; 9)
(9028014221; 8)
(9028016766; 9)
(9028772631; 8)
(9028780266; 9)
(9029757546; 8)
(9029767726; 9)
(9029788086; 8)
(9029813536; 9)
(9055236177; 10)
(9058804503; 9)
(9058807052; 10)
(9058809601; 9)
(9058868228; 10)
(9058880973; 9)
(9058886071; 10)
(9058888620; 9)
(9058919208; 10)
(9058921757; 9)
(9058926855; 10)
(9058929404; 9)
(9058939600; 10)
(9058942149; 9)
(9059018619; 10)
(9059028815; 9)
(9059033913; 10)
(9059036462; 9)
(9059039011; 10)
(9059044109; 9)
(9059069599; 10)
(9059074697; 9)
(9059082344; 10)
(9059089991; 9)
(9059118030; 10)
(9059237833; 9)
(9060716253; 10)
(9060718802; 9)
(9060723900; 10)
(9060728998; 9)
(9060757037; 10)
(9060759586; 9)
(9060762135; 10)
(9060774880; 9)
(9060777429; 10)
(9060779978; 9)
(9060785076; 10)
(9060795272; 9)
(9060797821; 10)
(9060805468; 9)
(9060808017; 10)
(9060813115; 9)
(9060815664; 10)
(9060820762; 9)
(9060825860; 10)
(9060830958; 9)
(9060833507; 10)
(9060861546; 9)
(9062594866; 10)
(9062605062; 9)
(9062607611; 10)
(9062635650; 9)
(9062640748; 10)
(9062643297; 9)
(9062663689; 10)
(9062681532; 9)
(9062691728; 10)
(9062694277; 9)
(9062696826; 10)
(9062712120; 9)
(9062717218; 10)
(9062724865; 9)
(9075964070; 10)
(9075981927; 9)
(9109716294; 8)
(9109744410; 9)
(9109746966; 8)
(9109757190; 9)
(9109759746; 8)
(9109803198; 9)
(9109966782; 8)
(9109971894; 9)
(9110104806; 8)
(9110125254; 9)
(9110155926; 8)
(9110158482; 9)
(9112793718; 8)
(9112796274; 9)
(9112816722; 8)
(9112819278; 9)
(9112888298; 8)
(9112916425; 9)
(9112929210; 8)
(9112934324; 9)
(9112936881; 8)
(9112939438; 9)
(9112941995; 8)
(9112965008; 9)
(9112970122; 8)
(9112975236; 9)
(9112982907; 8)
(9113046832; 9)
(9113069845; 8)
(9113077516; 9)
(9113090301; 8)
(9113100529; 9)
(9113115871; 8)
(9113120985; 9)
(9113530105; 8)
(9113553118; 9)
(9113565903; 8)
(9113571017; 9)
(9113594030; 8)
(9113596587; 9)
(9113632385; 8)
(9113678411; 9)
(9113683525; 8)
(9113686082; 9)
(9113698867; 8)
(9113701424; 9)
(9113908541; 8)
(9113967352; 9)
(9113969909; 8)
(9113972466; 9)
(9113977580; 8)
(9113980137; 9)
(9113982694; 8)
(9114138671; 9)
(9114243508; 8)
(9114304876; 9)
(9114325332; 8)
(9114327889; 9)
(9114330446; 8)
(9115102660; 9)
(9115148686; 8)
(9115151243; 9)
(9115181927; 8)
(9115197269; 9)
(9115199826; 8)
(9115204940; 9)
(9139779754; 8)
(9139782314; 9)
(9139869354; 8)
(9140102314; 9)
(9140107434; 8)
(9140145834; 9)
(9140150954; 8)
(9140286634; 9)
(9140317354; 8)
(9140348074; 9)
(9140803754; 8)
(9141948288; 9)
(9141950849; 8)
(9142035362; 9)
(9142043045; 8)
(9142048167; 9)
(9142194144; 8)
(9142199266; 9)
(9142242803; 8)
(9142245364; 9)
(9142465610; 8)
(9142468171; 9)
(9142470732; 8)
(9142480976; 9)
(9142483537; 8)
(9142486098; 9)
(9142501464; 8)
(9142504025; 9)
(9142624392; 8)
(9142629514; 9)
(9142632075; 8)
(9142642319; 9)
(9142778052; 8)
(9142783174; 9)
(9142793418; 8)
(9142801101; 9)
(9142913785; 8)
(9142949639; 9)
(9143105860; 8)
(9143108421; 9)
(9143110982; 8)
(9143154519; 9)
(9143215983; 8)
(9143326106; 9)
(9143328667; 8)
(9143331228; 9)
(9143385009; 8)
(9143390131; 9)
(9143392692; 8)
(9143410619; 9)
(9143513059; 8)
(9143541230; 9)
(9143579645; 8)
(9143628304; 9)
(9143633426; 8)
(9168177305; 9)
(9168213201; 8)
(9168228585; 9)
(9168261917; 8)
(9168295249; 9)
(9168302941; 8)
(9168310633; 9)
(9168315761; 8)
(9168320889; 9)
(9168328581; 8)
(9169743909; 9)
(9169754165; 8)
(9169779805; 9)
(9169784933; 8)
(9169854161; 9)
(9169966977; 8)
(9169969541; 9)
(9173078317; 8)
(9173106532; 9)
(9173473327; 8)
(9173488717; 9)
(9173493847; 8)
(9173496412; 9)
(9173750347; 8)
(9173763172; 9)
(9173768302; 8)
(9173781127; 9)
(9173783692; 8)
(9173786257; 9)
(9173788822; 8)
(9174681442; 9)
(9174684007; 8)
(9174712222; 9)
(9174717352; 8)
(9174719917; 9)
(9174725047; 8)
(9174781477; 9)
(9174784042; 8)
(9174786607; 9)
(9174789172; 8)
(9174791737; 9)
(9174814822; 8)
(9174817387; 9)
(9174827647; 8)
(9174837907; 9)
(9174840472; 8)
(9175381687; 9)
(9175386817; 8)
(9175389382; 9)
(9175443247; 8)
(9175869037; 9)
(9175874167; 8)
(9175925467; 9)
(9175928032; 8)
(9175933162; 9)
(9175935727; 8)
(9175948552; 9)
(9175953682; 8)
(9175961377; 9)
(9175984462; 8)
(9176033197; 9)
(9176189662; 8)
(9176192227; 9)
(9176248657; 8)
(9176284567; 9)
(9176287132; 8)
(9176289697; 9)
(9176294827; 8)
(9176310217; 9)
(9176317912; 8)
(9176897602; 9)
(9177079717; 8)
(9177092542; 9)
(9177097672; 8)
(9177100237; 9)
(9177102802; 8)
(9177192601; 9)
(9177238789; 8)
(9177241355; 9)
(9177269581; 8)
(9177272147; 9)
(9177279845; 8)
(9177282411; 9)
(9177287543; 8)
(9177292675; 9)
(9177297807; 8)
(9177300373; 9)
(9177305505; 8)
(9177351693; 9)
(9177361957; 8)
(9177364523; 9)
(9177367089; 8)
(9177369655; 9)
(9177379919; 8)
(9177400447; 9)
(9177420975; 8)
(9178349867; 9)
(9178352433; 8)
(9178385791; 9)
(9178388357; 8)
(9178393489; 9)
(9178396055; 8)
(9178524355; 9)
(9178534619; 8)
(9188543678; 9)
(9188559080; 8)
(9188561647; 9)
(9188605286; 8)
(9188628389; 9)
(9188630956; 8)
(9188633523; 9)
(9188659193; 8)
(9188669461; 9)
(9188672028; 8)
(9188674595; 9)
(9188818347; 8)
(9188826048; 9)
(9188831182; 8)
(9188836316; 9)
(9188849151; 8)
(9188854285; 9)
(9190322609; 8)
(9190325176; 9)
(9190553639; 8)
(9190556206; 9)
(9190561340; 8)
(9190569041; 9)
(9190574175; 8)
(9190761566; 9)
(9190764133; 8)
(9190769267; 9)
(9190774401; 8)
(9192130045; 9)
(9192528085; 8)
(9192659053; 9)
(9192669325; 8)
(9192671893; 9)
(9192838813; 8)
(9192843949; 9)
(9192856789; 8)
(9192864493; 9)
(9192879901; 8)
(9198465301; 9)
(9198758114; 8)
(9198768390; 9)
(9198778666; 8)
(9198788942; 9)
(9198801787; 8)
(9198950789; 9)
(9199462020; 8)
(9199469727; 9)
(9199480003; 8)
(9199526245; 9)
(9199536521; 8)
(9200006648; 9)
(9200011786; 8)
(9200058028; 9)
(9200060597; 8)
(9200073442; 9)
(9200083718; 8)
(9200091425; 9)
(9200099132; 8)
(9200320066; 9)
(9200322635; 8)
(9200399705; 9)
(9200887815; 8)
(9200903229; 9)
(9200905798; 8)
(9201067645; 9)
(9201083059; 8)
(9201085628; 9)
(9201095904; 8)
(9201329683; 9)
(9201704757; 8)
(9201725309; 9)
(9201727878; 8)
(9201730447; 9)
(9201735585; 8)
(9201738154; 9)
(9201745861; 8)
(9201822931; 9)
(9201833207; 8)
(9202454905; 9)
(9202457474; 8)
(9202460043; 9)
(9202511423; 8)
(9202513992; 9)
(9202524268; 8)
(9202650149; 9)
(9202662994; 8)
(9202740064; 9)
(9202742633; 8)
(9202750340; 9)
(9202763185; 8)
(9202927601; 9)
(9202937877; 8)
(9202943015; 9)
(9202948153; 8)
(9202960998; 9)
(9202963567; 8)
(9202966136; 9)
(9202968705; 8)
(9203659766; 9)
(9203677749; 8)
(9203685456; 9)
(9203700870; 8)
(9204458725; 9)
(9204461294; 8)
(9204466432; 9)
(9204479277; 8)
(9259235769; 9)
(9259238346; 8)
(9259292463; 9)
(9259295040; 8)
(9259351734; 9)
(9259475430; 8)
(9259485738; 9)
(9259578510; 8)
(9259591395; 9)
(9259604280; 8)
(9259609434; 9)
(9259627473; 8)
(9259630050; 9)
(9259632627; 8)
(9259635204; 9)
(9259637781; 8)
(9259640358; 9)
(9259642935; 8)
(9259645512; 9)
(9259653243; 8)
(9260062986; 9)
(9260068140; 8)
(9260070717; 9)
(9260073294; 8)
(9260081025; 9)
(9260261415; 8)
(9265194580; 9)
(9265403398; 8)
(9265405976; 9)
(9265411132; 8)
(9265630262; 9)
(9265635418; 8)
(9265637996; 9)
(9265645730; 8)
(9265689556; 9)
(9265705024; 8)
(9265707602; 9)
(9265720492; 8)
(9265723070; 9)
(9265738538; 8)
(9265741116; 9)
(9265743694; 8)
(9265748850; 9)
(9265769474; 8)
(9265774630; 9)
(9265797832; 8)
(9265802988; 9)
(9371986053; 10)
(9371991239; 9)
(9373865978; 10)
(9373871164; 9)
(9373873757; 10)
(9391837773; 9)
(9391845558; 10)
(9391850748; 9)
(9400069252; 10)
(9400071848; 9)
(9400084828; 10)
(9400175688; 9)
(9400183476; 10)
(9400188668; 9)
(9400227615; 10)
(9400230212; 9)
(9400235406; 10)
(9400261376; 9)
(9400344480; 10)
(9400360062; 9)
(9400365256; 10)
(9400391226; 9)
(9400396420; 10)
(9400399017; 9)
(9400401614; 10)
(9400461345; 9)
(9400463942; 10)
(9400497703; 9)
(9400500300; 10)
(9400502897; 9)
(9400580807; 10)
(9400666508; 9)
(9400876865; 10)
(9400879462; 9)
(9400887253; 10)
(9400889850; 9)
(9400965163; 10)
(9401004118; 9)
(9401006715; 10)
(9401014506; 9)
(9458169324; 8)
(9458177136; 9)
(9458179740; 8)
(9458182344; 9)
(9458192760; 8)
(9458229223; 9)
(9458231828; 8)
(9458237038; 9)
(9458244853; 8)
(9458265693; 9)
(9458278718; 8)
(9458307373; 9)
(9458315188; 8)
(9458330818; 9)
(9458341238; 8)
(9458453253; 9)
(9458458463; 8)
(9458474093; 9)
(9458481908; 8)
(9458492328; 9)
(9458528798; 8)
(9585793063; 7)
(9585795685; 8)
(9586055263; 7)
(9590686216; 8)
(9590699331; 7)
(9590707200; 8)
(9592202310; 7)
(9592207556; 8)
(9592210179; 7)
(9592223294; 8)
(9592236409; 7)
(9612858065; 8)
(9612897455; 7)
(9612905333; 8)
(9612918463; 7)
(9612949975; 8)
(9612970983; 7)
(9612984113; 8)
(9612991991; 7)
(9613018251; 8)
(9613020877; 7)
(9613026129; 8)
(9613241461; 7)
(9613249339; 8)
(9613275599; 7)
(9613304485; 8)
(9613307111; 7)
(9613380639; 8)
(9613383265; 7)
(9613409525; 8)
(9618858558; 7)
(9618887455; 8)
(9618890082; 7)
(9618900590; 8)
(9618903217; 7)
(9618913725; 8)
(9618918979; 7)
(9619031940; 8)
(9619176425; 7)
(9619179052; 8)
(9619192187; 7)
(9619194814; 8)
(9619205322; 7)
(9619213203; 8)
(9619215830; 7)
(9619234219; 8)
(9619239473; 7)
(9619252608; 8)
(9619273624; 7)
(9619284132; 8)
(9620686950; 7)
(9620689577; 8)
(9620728982; 7)
(9620755252; 8)
(9620765760; 7)
(9620768387; 8)
(9620773641; 7)
(9620776268; 8)
(9620786776; 7)
(9620941769; 8)
(9620944396; 7)
(9620968039; 8)
(9620970666; 7)
(9621010071; 8)
(9621033714; 7)
(9621036341; 8)
(9621041595; 7)
(9621044222; 8)
(9621046849; 7)
(9621099389; 8)
(9621102016; 7)
(9621104643; 8)
(9621109897; 7)
(9621120405; 8)
(9621637924; 7)
(9621685210; 8)
(9621690464; 7)
(9621700972; 8)
(9621706226; 7)
(9622827955; 8)
(9622830582; 7)
(9622835836; 8)
(9622838463; 7)
(9622841090; 8)
(9622843717; 7)
(9674258377; 6)
(9674271547; 7)
(9674274181; 6)
(9674458561; 7)
(9675098623; 6)
(9675109159; 7)
(9675211885; 6)
(9675298807; 7)
(9675301441; 6)
(9675525331; 7)
(9677361247; 6)
(9677390232; 7)
(9677490362; 6)
(9677492997; 7)
(9677680082; 6)
(9677682717; 7)
(9677690622; 6)
(9677693257; 7)
(9678380992; 6)
(9678549632; 7)
(9678573347; 6)
(9678602332; 7)
(9678604967; 6)
(9678623412; 7)
(9678626047; 6)
(9678662937; 7)
(9678728812; 6)
(9678731447; 7)
(9678839482; 6)
(9678844752; 7)
(9678936977; 6)
(9678939612; 7)
(9679558837; 6)
(9679561472; 7)
(9679569377; 6)
(9679577282; 7)
(9679579917; 6)
(9679587822; 7)
(9679616807; 6)
(9679622077; 7)
(9679788082; 6)
(9679793352; 7)
(9679798622; 6)
(9679801257; 7)
(9680399402; 6)
(9680415212; 7)
(9680425752; 6)
(9680431022; 7)
(9680565407; 6)
(9680570677; 7)
(9697768573; 6)
(9700880809; 7)
(9700949397; 6)
(9700952035; 7)
(9700954673; 6)
(9701049641; 7)
(9701073383; 6)
(9701076021; 7)
(9701081297; 6)
(9701086573; 7)
(9701099763; 6)
(9749789949; 5)
(9749797881; 6)
(9749826965; 5)
(9749829609; 6)
(9749845473; 5)
(9749848117; 6)
(9749853405; 5)
(9749856049; 6)
(9749863981; 5)
(9749985605; 6)
(9750025265; 5)
(9750033197; 6)
(9750035841; 5)
(9750041129; 6)
(9750043773; 5)
(9750083433; 6)
(9750622809; 5)
(9750630741; 6)
(9750643961; 5)
(9750651893; 6)
(9750662469; 5)
(9750665113; 6)
(9751082932; 5)
(9751085577; 6)
(9751738892; 5)
(9751741537; 6)
(9751752117; 5)
(9751778567; 6)
(9751783857; 5)
(9752146222; 6)
(9752151512; 5)
(9752154157; 6)
(9752156802; 5)
(9752159447; 6)
(9752164737; 5)
(9752167382; 6)
(9752172672; 5)
(9752180607; 6)
(9752204412; 5)
(9752275827; 6)
(9752281117; 5)
(9752286407; 6)
(9752344597; 5)
(9752347242; 6)
(9752365757; 5)
(9752368402; 6)
(9752373692; 5)
(9752416012; 6)
(9752418657; 5)
(9752476847; 6)
(9752479492; 5)
(9752508587; 6)
(9752553552; 5)
(9752717542; 6)
(9752728122; 5)
(9752743992; 6)
(9752762507; 5)
(9752767797; 6)
(9752775732; 5)
(9752794247; 6)
(9752802182; 5)
(9752815407; 6)
(9752839212; 5)
(9752841857; 6)
(9753225382; 5)
(9753230672; 6)
(9753582457; 5)
(9753593037; 6)
(9753598327; 5)
(9753614197; 6)
(9753794057; 5)
(9754077072; 6)
(9754087652; 5)
(9754100877; 6)
(9754106167; 5)
(9754108812; 6)
(9754214612; 5)
(9754222547; 6)
(9754235772; 5)
(9754264867; 6)
(9754267512; 5)
(9754275447; 6)
(9754286027; 5)
(9754288672; 6)
(9754291317; 5)
(9754386537; 6)
(9754407697; 5)
(9754423567; 6)
(9756978637; 5)
(9756986572; 6)
(9756999797; 5)
(9757036827; 6)
(9757047407; 5)
(9757050052; 6)
(9757052697; 5)
(9757055342; 6)
(9757256362; 5)
(9757259007; 6)
(9757261652; 5)
(9760161283; 6)
(9760447051; 5)
(9760544953; 6)
(9760592581; 5)
(9760597873; 6)
(9760619041; 5)
(9760621687; 6)
(9761187931; 5)
(9761190577; 6)
(9761195869; 5)
(9761238205; 6)
(9761246143; 5)
(9761399611; 6)
(9761447239; 5)
(9762270145; 6)
(9762338941; 5)
(9764865871; 6)
(9766575534; 5)
(9766578181; 6)
(9766599357; 5)
(9766697296; 6)
(9766715825; 5)
(9766766118; 6)
(9766819058; 5)
(9766821705; 6)
(9766826999; 5)
(9766948761; 6)
(9766951408; 5)
(9766954055; 6)
(9766993760; 5)
(9766999054; 6)
(9767028171; 5)
(9767030818; 6)
(9767104934; 5)
(9767107581; 6)
(9767141992; 5)
(9767369634; 6)
(9767382869; 5)
(9767385516; 6)
(9768330495; 5)
(9768333142; 6)
(9768354318; 5)
(9768460198; 6)
(9768568725; 5)
(9769031950; 6)
(9769063714; 5)
(9769071655; 6)
(9769076949; 5)
(9769108713; 6)
(9769111360; 5)
(9769180182; 6)
(9769182829; 5)
(9769246357; 6)
(9769251651; 5)
(9769254298; 6)
(9769262239; 5)
(9769264886; 6)
(9769288709; 5)
(9769291356; 6)
(9769294003; 5)
(9769370766; 6)
(9769384001; 5)
(9769389295; 6)
(9769399883; 5)
(9769413118; 6)
(9769421059; 5)
(9769423706; 6)
(9769431647; 5)
(9769442235; 6)
(9771562482; 5)
(9771581011; 6)
(9771967473; 5)
(9771970120; 6)
(9771972767; 5)
(9771978061; 6)
(9771986002; 5)
(9771988649; 6)
(9772049530; 5)
(9772062765; 6)
(9772086588; 5)
(9772091882; 6)
(9772094529; 5)
(9772097176; 6)
(9772102470; 5)
(9772105117; 6)
(9772131587; 5)
(9778179277; 6)
(9778224293; 5)
(9778232237; 6)
(9778253421; 5)
(9778256069; 6)
(9778258717; 5)
(9778266661; 6)
(9778298437; 5)
(9778303733; 6)
(9778306381; 5)
(9778663861; 6)
(9778671805; 5)
(9778730061; 6)
(9778735357; 5)
(9778743301; 6)
(9778753893; 5)
(9778780373; 6)
(9778783021; 5)
(9788022197; 6)
(9788051347; 5)
(9788170597; 6)
(9788300447; 5)
(9788305747; 6)
(9788308397; 5)
(9788318997; 6)
(9788364047; 5)
(9788480647; 6)
(9788485947; 5)
(9788501847; 6)
(9839673835; 7)
(9839692434; 6)
(9839695091; 7)
(9839708376; 6)
(9839721661; 7)
(9839780115; 6)
(9844403295; 7)
(9844408609; 6)
(9845094115; 7)
(9845120685; 6)
(9846640489; 7)
(9846645803; 6)
(9846651117; 7)
(9846653774; 6)
(9846656431; 7)
(9846661745; 6)
(9846709571; 7)
(9846714885; 6)
(9846720199; 7)
(9846725513; 6)
(9846757397; 7)
(9846765368; 6)
(9846768025; 7)
(9847320805; 6)
(9855268551; 7)
(9855273869; 6)
(9855327049; 7)
(9855329708; 6)
(9855561041; 7)
(9855571677; 6)
(9855582313; 7)
(9855592949; 6)
(9855600926; 7)
(9855680696; 6)
(9855691332; 7)
(9855712604; 6)
(9855715263; 7)
(9855853531; 6)
(9855901393; 7)
(9855904052; 6)
(9855906711; 7)
(9856084864; 6)
(9856114113; 7)
(9856116772; 6)
(9856119431; 7)
(9856122090; 6)
(9857161759; 7)
(9857172395; 6)
(9857177713; 7)
(9857180372; 6)
(9861535814; 7)
(9861543791; 6)
(9862461389; 7)
(9862865709; 6)
(9862868369; 7)
(9862876349; 6)
(9862889649; 7)
(9862892309; 6)
(9862905609; 7)
(9862908269; 6)
(9862910929; 7)
(9862998709; 6)
(9863001369; 7)
(9863097129; 6)
(9863099789; 7)
(9863102449; 6)
(9863107769; 7)
(9863118409; 6)
(9863206189; 7)
(9863208849; 6)
(9863214169; 7)
(9863293969; 6)
(9863296629; 7)
(9863301949; 6)
(9867121709; 7)
(9867124369; 6)
(9867440909; 7)
(9867448889; 6)
(9889522774; 7)
(9889560056; 6)
(9890470802; 7)
(9890473465; 6)
(9890476128; 7)
(9890478791; 6)
(9890484117; 7)
(9890691831; 6)
(9890697157; 7)
(9890707809; 6)
(9890918186; 7)
(9890920849; 6)
(9890926175; 7)
(9890934164; 6)
(9891000739; 7)
(9891006065; 6)
(9891011391; 7)
(9891080629; 6)
(9891083292; 7)
(9891091281; 6)
(9891107259; 7)
(9891565321; 6)
(9891570649; 7)
(9975074313; 6)
(9975079663; 7)
(9975098388; 6)
(9975114438; 7)
(9975117113; 6)
(9975122463; 7)
(9975133163; 6)
(9975143863; 7)
(9975151888; 6)
(9975167938; 7)
(9975170613; 6)
(9975301688; 7)
(9975304363; 6)
(9975312388; 7)
(9976671288; 6)
(9980921905; 7)
(9980937961; 6)
(9980945989; 7)
(9980956693; 6)
(9980972749; 7)
(9981061057; 6)
(9991439769; 7)
(9992971013; 6)
(9992979044; 7)
(9992987075; 6)
(9993000460; 7)
(9993011168; 6)
(9993013845; 7)
(9993029907; 6)
(9993035261; 7)
(9993112894; 6)
(9993238713; 7)
(9993241390; 6)
(9993244067; 7)
