(19000000001; 5)
(19029466980; 4)
(19029470675; 5)
(19029478065; 4)
(19029492845; 5)
(19029592610; 4)
(19029603695; 5)
(19029618475; 4)
(19055027166; 5)
(19055341411; 4)
(19055382078; 5)
(19055385775; 4)
(19055389472; 5)
(19055393169; 4)
(19055407957; 5)
(19055426442; 4)
(19055441230; 5)
(19055448624; 4)
(19055592807; 5)
(19055626080; 4)
(19055633474; 5)
(19055644565; 4)
(19055685232; 5)
(19055688929; 4)
(19055707414; 5)
(19055725899; 4)
(19055729596; 5)
(19055836809; 4)
(19055840506; 5)
(19055866385; 4)
(19055947719; 5)
(19055958810; 4)
(19055966204; 5)
(19055969901; 4)
(19056006871; 5)
(19056010568; 4)
(19056128872; 5)
(19056147357; 4)
(19056151054; 5)
(19056158448; 4)
(19056243479; 5)
(19056335904; 4)
(19056339601; 5)
(19056343298; 4)
(19056346995; 5)
(19058701984; 4)
(19059315686; 5)
(19059323080; 4)
(19059330474; 5)
(19059345262; 4)
(19059411808; 5)
(19059415505; 4)
(19059419202; 5)
(19059430293; 4)
(19059437687; 5)
(19059441384; 4)
(19059448778; 5)
(19059519021; 4)
(19059522718; 5)
(19059533809; 4)
(19059563385; 5)
(19059578173; 4)
(19059755629; 5)
(19059759326; 4)
(19059781508; 5)
(19059785205; 4)
(19059803690; 5)
(19059807387; 4)
(19059914600; 5)
(19059936782; 4)
(19059940479; 5)
(19059944176; 4)
(19059947873; 5)
(19059962661; 4)
(19059966358; 5)
(19059977449; 4)
(19059988540; 5)
(19059995934; 4)
(19060162299; 5)
(19060195572; 4)
(19060199270; 5)
(19060210364; 4)
(19060557976; 5)
(19060565372; 4)
(19060687406; 5)
(19060694802; 4)
(19060698500; 5)
(19060809440; 4)
(19060816836; 5)
(19060824232; 4)
(19061053508; 5)
(19061057206; 4)
(19061060904; 5)
(19090301508; 4)
(19090305208; 5)
(19090349608; 4)
(19090353308; 5)
(19092322029; 4)
(19092325730; 5)
(19093676595; 4)
(19093695100; 5)
(19094002283; 4)
(19094020788; 5)
(19094198436; 4)
(19094216941; 5)
(19103103488; 4)
(19103107190; 5)
(19103118296; 4)
(19103125700; 5)
(19103159018; 4)
(19103162720; 5)
(19103166422; 4)
(19103199740; 5)
(19103214548; 4)
(19103236760; 5)
(19103381138; 4)
(19103788358; 5)
(19103877206; 4)
(19104136346; 5)
(19104140048; 4)
(19104147452; 5)
(19104158558; 4)
(19104210386; 5)
(19104214088; 4)
(19104217790; 5)
(19104236300; 4)
(19104240002; 5)
(19104425102; 4)
(19104428804; 5)
(19109559776; 4)
(19109563478; 5)
(19109570882; 4)
(19109574584; 5)
(19109670836; 4)
(19109689346; 5)
(19109693048; 4)
(19109696750; 5)
(19110607442; 4)
(19110625952; 5)
(19110637058; 4)
(19110644462; 5)
(19110648164; 4)
(19110651866; 5)
(19110655568; 4)
(19110662972; 5)
(19110674078; 4)
(19110677780; 5)
(19110711098; 4)
(19110718502; 5)
(19110892496; 4)
(19110918410; 5)
(19110992450; 4)
(19111055384; 5)
(19111066490; 4)
(19111073894; 5)
(19111077596; 4)
(19111081298; 5)
(19111518134; 4)
(19111566260; 5)
(19111710638; 4)
(19111729148; 5)
(19112180902; 4)
(19112273477; 5)
(19117176249; 4)
(19117179952; 5)
(19117194764; 4)
(19117202170; 5)
(19117376211; 4)
(19117391023; 5)
(19117505816; 4)
(19117927958; 5)
(19117946473; 4)
(19117950176; 5)
(19117953879; 4)
(19118127920; 5)
(19118135326; 4)
(19118139029; 5)
(19118239010; 4)
(19118246416; 5)
(19118294555; 4)
(19118516735; 5)
(19118520438; 4)
(19118698182; 5)
(19119857221; 4)
(19119872033; 5)
(19119875736; 4)
(19119879439; 5)
(19119897954; 4)
(19119901657; 5)
(19119920172; 4)
(19119938687; 5)
(19122453120; 4)
(19122456824; 5)
(19122593872; 4)
(19122601280; 5)
(19122612392; 4)
(19122627208; 5)
(19122634616; 4)
(19122730920; 5)
(19122882784; 4)
(19122890192; 5)
(19122919824; 4)
(19122953160; 5)
(19122956864; 4)
(19122964272; 5)
(19122971680; 4)
(19122975384; 5)
(19122979088; 4)
(19122986496; 5)
(19122990200; 4)
(19122993904; 5)
(19122997608; 4)
(19123023536; 5)
(19123027240; 4)
(19123260592; 5)
(19123271704; 4)
(19123301336; 5)
(19123312448; 4)
(19123319856; 5)
(19123327264; 4)
(19123330968; 5)
(19123342080; 4)
(19123345784; 5)
(19123660624; 4)
(19123916200; 5)
(19123919904; 4)
(19123938424; 5)
(19123964352; 4)
(19123975464; 5)
(19124019912; 4)
(19154216791; 5)
(19154261275; 4)
(19154290931; 5)
(19154309466; 4)
(19154465160; 5)
(19154472574; 4)
(19155380789; 5)
(19155584674; 4)
(19155629158; 5)
(19155636572; 4)
(19155803387; 5)
(19156552201; 4)
(19156567029; 5)
(19156600392; 4)
(19156604099; 5)
(19156611513; 4)
(19156615220; 5)
(19156644876; 4)
(19156648583; 5)
(19156659704; 4)
(19156667118; 5)
(19156670825; 4)
(19156674532; 5)
(19156804277; 4)
(19156807984; 5)
(19156819105; 4)
(19156845054; 5)
(19156848761; 4)
(19157326964; 5)
(19157330671; 4)
(19157349206; 5)
(19157356620; 4)
(19157412225; 5)
(19157423346; 4)
(19157434467; 5)
(19157438174; 4)
(19157456709; 5)
(19157464123; 4)
(19157590161; 5)
(19157601282; 4)
(19157604989; 5)
(19157612403; 4)
(19157616110; 5)
(19157749562; 4)
(19157756976; 5)
(19157953447; 4)
(19158620707; 5)
(19158650363; 4)
(19158743038; 5)
(19159210120; 4)
(19159213827; 5)
(19163595548; 4)
(19163606672; 5)
(19163643752; 4)
(19163658584; 5)
(19163691956; 4)
(19163729036; 5)
(19163736452; 4)
(19163766116; 5)
(19163792072; 4)
(19170548048; 5)
(19171478756; 4)
(19171493588; 5)
(19171601120; 4)
(19171608536; 5)
(19171660448; 4)
(19171664156; 5)
(19171671572; 4)
(19172865548; 5)
(19172869256; 4)
(19172872964; 5)
(19172876672; 4)
(19172932292; 5)
(19172984204; 4)
(19172995328; 5)
(19173050948; 4)
(19173073196; 5)
(19173088028; 4)
(19173306800; 5)
(19173310508; 4)
(19173317924; 5)
(19173403208; 4)
(19173406916; 5)
(19173458828; 4)
(19173469952; 5)
(19173499616; 4)
(19173507032; 5)
(19173532988; 4)
(19173547820; 5)
(19173599732; 4)
(19173603440; 5)
(19173607148; 4)
(19173610856; 5)
(19173614564; 4)
(19173618272; 5)
(19173621980; 4)
(19173699848; 5)
(19173703556; 4)
(19173707264; 5)
(19173814811; 4)
(19173837065; 5)
(19173840774; 4)
(19173844483; 5)
(19173848192; 4)
(19173855610; 5)
(19174111531; 4)
(19174118949; 5)
(19174133785; 4)
(19174500976; 5)
(19174504685; 4)
(19174508394; 5)
(19174645627; 4)
(19174679008; 5)
(19174682717; 4)
(19174730934; 5)
(19174738352; 4)
(19174753188; 5)
(19174790278; 4)
(19175061035; 5)
(19175064744; 4)
(19175083289; 5)
(19175183432; 4)
(19175190850; 5)
(19175372591; 4)
(19175376300; 5)
(19175387427; 4)
(19175391136; 5)
(19175402263; 4)
(19175509824; 5)
(19175513533; 4)
(19175517242; 5)
(19175977158; 4)
(19175980867; 5)
(19175988285; 4)
(19176029084; 5)
(19176040211; 4)
(19176084719; 5)
(19176088428; 4)
(19176095846; 5)
(19176103264; 4)
(19176110682; 5)
(19176114391; 4)
(19176322095; 5)
(19176325804; 4)
(19176514963; 5)
(19176600270; 4)
(19176726376; 5)
(19176733794; 4)
(19177527520; 5)
(19177531229; 4)
(19177560901; 5)
(19177564610; 4)
(19177594282; 5)
(19177597991; 4)
(19177705552; 5)
(19177716679; 4)
(19177738933; 5)
(19177764896; 4)
(19177768605; 5)
(19177798277; 4)
(19177805695; 5)
(19177816822; 4)
(19177954055; 5)
(19177976309; 4)
(19177980018; 5)
(19177983727; 4)
(19177991145; 5)
(19178002272; 4)
(19183261634; 5)
(19185413208; 4)
(19185416918; 5)
(19185428048; 4)
(19185468858; 5)
(19185472568; 4)
(19185769368; 5)
(19185832438; 4)
(19186062458; 5)
(19186066168; 4)
(19186069878; 5)
(19186077298; 4)
(19186081008; 5)
(19213223280; 4)
(19214084464; 5)
(19214088176; 4)
(19214099312; 5)
(19214184688; 4)
(19214192112; 5)
(19214199536; 4)
(19220555940; 5)
(19220934666; 4)
(19220942092; 5)
(19221272549; 4)
(19221287401; 5)
(19221328244; 4)
(19221343096; 5)
(19221346809; 4)
(19221354235; 5)
(19221380226; 4)
(19221421069; 5)
(19221439634; 4)
(19221447060; 5)
(19221495329; 4)
(19221539885; 5)
(19221603006; 4)
(19221625284; 5)
(19221632710; 4)
(19221636423; 5)
(19221640136; 4)
(19221658701; 5)
(19221666127; 4)
(19221669840; 5)
(19222590664; 4)
(19222601803; 5)
(19222768888; 4)
(19222806018; 5)
(19222809731; 4)
(19222820870; 5)
(19222828296; 4)
(19222850574; 5)
(19222858000; 4)
(19222861713; 5)
(19222887704; 4)
(19222902556; 5)
(19222991668; 4)
(19223296134; 5)
(19223307273; 4)
(19223314699; 5)
(19223325838; 4)
(19223329551; 5)
(19223336977; 4)
(19223789963; 5)
(19223801102; 4)
(19224877872; 5)
(19224929854; 4)
(19224933567; 5)
(19225015253; 4)
(19225018966; 5)
(19225327145; 4)
(19227488650; 5)
(19230374428; 4)
(19230385570; 5)
(19230411568; 4)
(19230415282; 5)
(19230437566; 4)
(19230448708; 5)
(19230459850; 4)
(19230467278; 5)
(19230478420; 4)
(19230482134; 5)
(19230586126; 4)
(19230600982; 5)
(19230604696; 4)
(19230623266; 5)
(19230626980; 4)
(19230630694; 5)
(19230641836; 4)
(19230734686; 5)
(19230738400; 4)
(19232212858; 5)
(19232216572; 4)
(19232313136; 5)
(19232316850; 4)
(19232361418; 5)
(19232365132; 4)
(19232561974; 5)
(19232580544; 4)
(19232584258; 5)
(19232606542; 4)
(19233178498; 5)
(19233189640; 4)
(19233215638; 5)
(19233223066; 4)
(19233553612; 5)
(19233646462; 4)
(19233650176; 5)
(19233720742; 4)
(19233735598; 5)
(19233750454; 4)
(19233754168; 5)
(19233765310; 4)
(19234489540; 5)
(19234493254; 4)
(19234519252; 5)
(19234522966; 4)
(19234530394; 5)
(19234638100; 4)
(19234678954; 5)
(19234823800; 4)
(19234868368; 5)
(19234872082; 4)
(19235117206; 5)
(19235135776; 4)
(19235243482; 5)
(19235273194; 4)
(19235276908; 5)
(19235280622; 4)
(19235310334; 5)
(19235351188; 4)
(19235358616; 5)
(19235362330; 4)
(19235366044; 5)
(19235425468; 4)
(19236391256; 5)
(19236406116; 4)
(19236443266; 5)
(19236450696; 4)
(19236458126; 5)
(19236603011; 4)
(19236855631; 5)
(19236863061; 4)
(19236866776; 5)
(19236870491; 4)
(19237453746; 5)
(19237457461; 4)
(19237598631; 5)
(19237606061; 4)
(19237613491; 5)
(19237620921; 4)
(19237639496; 5)
(19237650641; 4)
(19237669216; 5)
(19237676646; 4)
(19237684076; 5)
(19237702651; 4)
(19237710081; 5)
(19237713796; 4)
(19237717511; 5)
(19237724941; 4)
(19237758376; 5)
(19237780666; 4)
(19237784381; 5)
(19237788096; 4)
(19237802956; 5)
(19237817816; 4)
(19237821531; 5)
(19237843821; 4)
(19237862396; 5)
(19237869826; 4)
(19237921836; 5)
(19237973846; 4)
(19237981276; 5)
(19238010996; 4)
(19238025856; 5)
(19238033286; 4)
(19240611496; 5)
(19240670936; 4)
(19240674651; 5)
(19240678366; 4)
(19240685796; 5)
(19240726661; 4)
(19240734091; 5)
(19240741521; 4)
(19400238600; 5)
(19400242330; 4)
(19401835040; 5)
(19401838770; 4)
(19401853690; 5)
(19403424431; 4)
(19403428162; 5)
(19403525168; 4)
(19403528899; 5)
(19403540092; 4)
(19403543823; 5)
(19403551285; 4)
(19403555016; 5)
(19403569940; 4)
(19403607250; 5)
(19403637098; 4)
(19403644560; 5)
(19403648291; 4)
(19404155707; 5)
(19404181824; 4)
(19404207941; 5)
(19404211672; 4)
(19404237789; 5)
(19404293754; 4)
(19404301216; 5)
(19404304947; 4)
(19404469111; 5)
(19404472842; 4)
(19404476573; 5)
(19404506421; 4)
(19404510152; 5)
(19404513883; 4)
(19404517614; 5)
(19404569848; 4)
(19404625813; 5)
(19404648199; 4)
(19404711626; 5)
(19404730281; 4)
(19404734012; 5)
(19404737743; 4)
(19404745205; 5)
(19405823464; 4)
(19405827195; 5)
(19405830926; 4)
(19405842119; 5)
(19405849581; 4)
(19405857043; 5)
(19405879429; 4)
(19406080903; 5)
(19406125675; 4)
(19406752483; 5)
(19406763676; 4)
(19406782331; 5)
(19406797255; 4)
(19406800986; 5)
(19406845758; 4)
(19406849489; 5)
(19407118121; 4)
(19407129314; 5)
(19407140507; 4)
(19407162893; 5)
(19407166624; 4)
(19407170355; 5)
(19407181548; 4)
(19407185279; 5)
(19407192741; 4)
(19407312133; 5)
(19407319595; 4)
(19407327057; 5)
(19407330788; 4)
(19407438987; 5)
(19407442718; 4)
(19407446449; 5)
(19407450180; 4)
(19407457642; 5)
(19407491221; 4)
(19407498683; 5)
(19407550917; 4)
(19407554648; 5)
(19407558379; 4)
(19407569572; 5)
(19407580765; 4)
(19407591958; 5)
(19407625537; 4)
(19407659116; 5)
(19407688964; 4)
(19407696426; 5)
(19407700157; 4)
(19407711350; 5)
(19407722543; 4)
(19407726274; 5)
(19407730005; 4)
(19407733736; 5)
(19407912824; 4)
(19408188918; 5)
(19408192649; 4)
(19532491379; 3)
(19532502608; 4)
(19533468302; 3)
(19533535676; 4)
(19533539419; 3)
(19533543162; 4)
(19533584335; 3)
(19533591821; 4)
(19533625508; 3)
(19534108355; 4)
(19535231255; 3)
(19535272428; 4)
(19535369746; 3)
(19535377232; 4)
(19535388461; 3)
(19535407176; 4)
(19535410919; 3)
(19535414662; 4)
(19535863822; 3)
(19535867565; 4)
(19535871308; 3)
(19535875051; 4)
(19535886280; 3)
(19535919967; 4)
(19535923710; 3)
(19536028514; 4)
(19536036000; 3)
(19536062201; 4)
(19536563763; 3)
(19536571249; 4)
(19536586221; 3)
(19536589964; 4)
(19536597450; 3)
(19536616165; 4)
(19536619908; 3)
(19536627394; 4)
(19536702254; 3)
(19536705997; 4)
(19540266374; 3)
(19540442342; 4)
(19540449830; 3)
(19540453574; 4)
(19540468550; 3)
(19540509734; 4)
(19540532198; 3)
(19540535942; 4)
(19540607078; 3)
(19540622054; 4)
(19540633286; 3)
(19540637030; 4)
(19540655750; 3)
(19540685702; 4)
(19541820134; 3)
(19541823878; 4)
(19541827622; 3)
(19541962406; 4)
(19541973638; 3)
(19541981126; 4)
(19541999846; 3)
(19542007334; 4)
(19542011078; 3)
(19542026054; 4)
(19542202022; 3)
(19542224486; 4)
(19542228230; 3)
(19542235718; 4)
(19542239462; 3)
(19542243206; 4)
(19542336806; 3)
(19548068950; 4)
(19548087675; 3)
(19548091420; 4)
(19548155085; 3)
(19548192535; 4)
(19548244965; 3)
(19548248710; 4)
(19548256200; 3)
(19548267435; 4)
(19548274925; 3)
(19548312375; 4)
(19548316120; 3)
(19548327355; 4)
(19548394765; 3)
(19548473410; 4)
(19548480900; 3)
(19548484645; 4)
(19548492135; 3)
(19548503370; 4)
(19548507115; 3)
(19548559545; 4)
(19548567035; 3)
(19548570780; 4)
(19548578270; 3)
(19548585760; 4)
(19548596995; 3)
(19548600740; 4)
(19549046395; 3)
(19549095080; 4)
(19549102570; 3)
(19549113805; 4)
(19549484560; 3)
(19549488305; 4)
(19549503285; 3)
(19549529500; 4)
(19549548225; 3)
(19549551970; 4)
(19670034700; 5)
(19670045968; 4)
(19670256304; 5)
(19670260060; 4)
(19670263816; 5)
(19721528250; 4)
(19721554577; 5)
(19721674929; 4)
(19721682451; 5)
(19721697495; 4)
(19721723822; 5)
(19721727583; 4)
(19721746388; 5)
(19721750149; 4)
(19721753910; 5)
(19721765193; 4)
(19721795281; 5)
(19721802803; 4)
(19721810325; 5)
(19721817847; 4)
(19721825369; 5)
(19721832891; 4)
(19721881784; 5)
(19722024702; 4)
(19722047268; 5)
(19722051029; 4)
(19722464739; 5)
(19722468500; 4)
(19722487305; 5)
(19722494827; 4)
(19722509871; 5)
(19723341052; 4)
(19723344813; 5)
(19764247426; 6)
(19764254956; 5)
(19765015486; 6)
(19765026781; 5)
(19765030546; 6)
(19765034311; 5)
(19765075726; 6)
(19765493641; 5)
(19765629181; 6)
(19765644241; 5)
(19765693186; 6)
(19765885201; 5)
(19765892731; 6)
(19765896496; 5)
(19765960501; 6)
(19765964266; 5)
(19766028271; 6)
(19766032036; 5)
(19766050861; 6)
(19766054626; 5)
(19766065921; 6)
(19766092276; 5)
(19766099806; 6)
(19766133691; 5)
(19766171341; 6)
(19775341168; 5)
(19782429926; 6)
(19782444994; 5)
(19782448761; 6)
(19784125076; 5)
(19784140144; 6)
(19784155212; 5)
(19784177814; 6)
(19784226785; 5)
(19784230552; 6)
(19804121989; 5)
(19804178524; 6)
(19804223752; 5)
(19804246366; 6)
(19804457430; 5)
(19804476275; 6)
(19804483813; 5)
(19804487582; 6)
(19804491351; 5)
(19804649649; 6)
(19804653418; 5)
(19804657187; 6)
(19804717491; 5)
(19804736336; 6)
(19804758950; 5)
(19804815485; 6)
(19804826792; 5)
(19804845637; 6)
(19814959279; 5)
(19814966819; 6)
(19814981899; 5)
(19815004519; 6)
(19815110079; 5)
(19815125159; 6)
(19815181709; 5)
(19815185479; 6)
(19815215639; 5)
(19815547399; 6)
(19815728359; 5)
(19815732129; 6)
(19815833919; 5)
(19816180759; 6)
(19816199609; 5)
(19816275009; 6)
(19820241077; 5)
(19820316497; 6)
(19820320268; 5)
(19820350436; 6)
(19820354207; 5)
(19820376833; 6)
(19820403230; 5)
(19820407001; 6)
(19820410772; 5)
(19827964085; 6)
(19827975398; 5)
(19827994253; 6)
(19828062131; 5)
(19828065902; 6)
(19828084757; 5)
(19828088528; 6)
(19828092299; 5)
(19828175261; 6)
(19828201658; 5)
(19828205429; 6)
(19828212971; 5)
(19828216742; 6)
(19828224284; 5)
(19828246910; 6)
(19828333643; 5)
(19828337414; 6)
(19828344956; 5)
(19829065217; 6)
(19829072759; 5)
(19832071081; 6)
(19832078625; 5)
(19832097485; 6)
(19832112573; 5)
(19832131433; 6)
(19832138977; 5)
(19832157837; 6)
(19832161609; 5)
(19835711061; 6)
(19835763869; 5)
(19835767641; 6)
(19835775185; 5)
(19835790273; 6)
(19835794045; 5)
(19835797817; 6)
(19840131845; 5)
(19840169565; 6)
(19841467213; 5)
(19841470986; 6)
(19841478532; 5)
(19841497397; 6)
(19841553992; 5)
(19841557765; 6)
(19841569084; 5)
(19841618133; 6)
(19841625679; 5)
(19841648317; 6)
(19841652090; 5)
(19850590327; 6)
(19850597873; 5)
(19850616738; 6)
(19850620511; 5)
(19850631830; 6)
(19850635603; 5)
(19850646922; 6)
(19850684652; 5)
(19850767658; 6)
(19932799627; 5)
(19932810970; 6)
(19932826094; 5)
(19932829875; 6)
(19934939673; 5)
(19934966140; 6)
(19935022855; 5)
(19935026636; 6)
(19935030417; 5)
(19946762017; 6)
(19946981431; 5)
(19946996563; 6)
(19947004129; 5)
(19947007912; 6)
(19947011695; 5)
(19947386212; 6)
(19947401344; 5)
(19947405127; 6)
(19947779644; 5)
(19947783427; 6)
(19947806125; 5)
(19947825040; 6)
(19947840172; 5)
(19947851521; 6)
(19947855304; 5)
(19947874219; 6)
(19948036888; 5)
(19949474428; 6)
(19949481994; 5)
(19949485777; 6)
(19949512258; 5)
(19949727889; 6)
(19949735455; 5)
(19949743021; 6)
(19949746804; 5)
(19950011614; 6)
(19950049444; 5)
(19950053227; 6)
(19950760648; 5)
(19950840091; 6)
(19950855223; 5)
(19951679917; 6)
(19951687483; 5)
(19951721530; 6)
(19951725313; 5)
(19951808539; 6)
(19951876633; 5)
(19952485696; 6)
(19952519743; 5)
(19952523526; 6)
(19952534875; 5)
(19952546224; 6)
(19952644582; 5)
(19953809746; 6)
(19953817312; 5)
(19953836227; 6)
(19953843793; 5)
(19953847576; 6)
(19958213472; 5)
(19958334560; 6)
(19958353480; 5)
(19958379968; 6)
(19958383752; 5)
(19958387536; 6)
(19958391320; 5)
(19958871888; 6)
(19958879456; 5)
(19958883240; 6)
(19958890808; 5)
(19990481861; 6)
(19990489435; 5)
(19990493222; 6)
(19990504583; 5)
(19990508370; 6)
(19990519731; 5)
(19990534879; 6)
(19990538666; 5)
(19990561388; 6)
(19990610619; 5)
(19990618193; 6)
(19990996893; 5)
(19991008254; 6)
(19991030976; 5)
(19991053698; 6)
(19991462694; 5)
(19991466481; 6)
(19991943643; 5)
(19991947430; 6)
(19991955004; 5)
(19992030744; 6)
(19992034531; 5)
(19992038318; 6)
(19992053466; 5)
(19992174650; 6)
(19992636664; 5)
(19992644238; 6)
(19996169935; 5)
(19996173722; 6)
(19996241888; 5)
(19998248998; 6)
(19998275507; 5)
(19998279294; 6)
(19998351247; 5)
(19998355034; 6)
(19998358821; 5)
(19998362608; 6)
(19998366395; 5)
(19998453496; 6)
(19998457283; 5)
(19998567106; 6)
(19998570893; 5)
(19998574680; 6)
(19998586041; 5)
(19999097286; 6)
