(118000000001; 5)
(118005805832; 4)
(118006265882; 5)
(118006413098; 4)
(118006459103; 5)
(118006505108; 4)
(118006523510; 5)
(118006532711; 4)
(118006670726; 5)
(118006707530; 4)
(118006827143; 5)
(118006836344; 4)
(118007305595; 5)
(118007333198; 4)
(118007360801; 5)
(118007830052; 4)
(118007885258; 5)
(118007894459; 4)
(118008115283; 5)
(118012596170; 4)
(118012605371; 5)
(118012678979; 4)
(118013359853; 5)
(118013378255; 4)
(118013608280; 5)
(118013645084; 4)
(118013681888; 5)
(118013691089; 4)
(118014611189; 5)
(118014647993; 4)
(118014657194; 5)
(118014693998; 4)
(118014740003; 5)
(118014786008; 4)
(118014795209; 5)
(118014887219; 4)
(118014979229; 5)
(118014997631; 4)
(118015016033; 5)
(118015034435; 4)
(118015043636; 5)
(118094012968; 4)
(118097446060; 5)
(118097455264; 4)
(118097473672; 5)
(118097795831; 4)
(118097832651; 5)
(118097841856; 4)
(118098191646; 5)
(118098210056; 4)
(118098256081; 5)
(118098265286; 4)
(118098891226; 5)
(118098909636; 4)
(118100548126; 5)
(118100713816; 4)
(118100759841; 5)
(118100861096; 4)
(118100916326; 5)
(118100925531; 4)
(118100934736; 5)
(118100971556; 4)
(118100980761; 5)
(118101100426; 4)
(118101146451; 5)
(118144587161; 4)
(118144596367; 5)
(118144623985; 4)
(118144881753; 5)
(118144890959; 4)
(118144900165; 5)
(118144918577; 4)
(118144936989; 5)
(118144955401; 4)
(118144964607; 5)
(118145121109; 4)
(118145203963; 5)
(118159345509; 4)
(118160210967; 5)
(118160220174; 4)
(118160312244; 5)
(118160321451; 4)
(118160468763; 5)
(118161315807; 4)
(118161325014; 5)
(118161380256; 4)
(118161389463; 5)
(118161398670; 4)
(118161407877; 5)
(118161444705; 4)
(118161453912; 5)
(118161463119; 4)
(118161472326; 5)
(118161481533; 4)
(118161582810; 5)
(118161610431; 4)
(118161619638; 5)
(118163240070; 4)
(118163249277; 5)
(118164179184; 4)
(118164243633; 5)
(118164252840; 4)
(118164271254; 5)
(118164280461; 4)
(118164289668; 5)
(118164298875; 4)
(118165017021; 5)
(118165265610; 4)
(118165366887; 5)
(118165385301; 4)
(118165394508; 5)
(118165403715; 4)
(118165412922; 5)
(118165449750; 4)
(118165495785; 5)
(118165504992; 4)
(118165689132; 5)
(118165707546; 4)
(118171728924; 5)
(118171802580; 4)
(118171820994; 5)
(118171839408; 4)
(118171894650; 5)
(118171949892; 4)
(118171959099; 5)
(118171986720; 4)
(118172023548; 5)
(118172032755; 4)
(118172041962; 5)
(118172143239; 4)
(118172207688; 5)
(118172262930; 4)
(118173257286; 5)
(118173303321; 4)
(118173561117; 5)
(118173570324; 4)
(118173597945; 5)
(118178735899; 4)
(118178772731; 5)
(118179002931; 4)
(118179012139; 5)
(118179058179; 4)
(118179150259; 5)
(118179159467; 4)
(118179205507; 5)
(118179214715; 4)
(118180908987; 5)
(118180918195; 4)
(118181037899; 5)
(118181047107; 4)
(118181056315; 5)
(118181065523; 4)
(118181424635; 5)
(118181433843; 4)
(118181461467; 5)
(118185605067; 4)
(118185678731; 5)
(118185687939; 4)
(118185697147; 5)
(118186746859; 4)
(118186756067; 5)
(118273805670; 4)
(118274220165; 5)
(118274229376; 4)
(118274238587; 5)
(118274846513; 4)
(118298447390; 5)
(118298465814; 4)
(118298493450; 5)
(118298567146; 4)
(118298576358; 5)
(118298760598; 4)
(118298769810; 5)
(118298944838; 4)
(118298963262; 5)
(118299009322; 4)
(118299147502; 5)
(118299165926; 4)
(118305153962; 5)
(118305264518; 4)
(118305485630; 5)
(118305504056; 4)
(118305513269; 5)
(118305522482; 4)
(118305531695; 5)
(118305540908; 4)
(118305550121; 5)
(118305660677; 4)
(118305669890; 5)
(118305688316; 4)
(118305697529; 5)
(118305706742; 4)
(118305762020; 5)
(118305771233; 4)
(118305780446; 5)
(118305798872; 4)
(118306913645; 5)
(118306922858; 4)
(118306932071; 5)
(118310211899; 4)
(118310221112; 5)
(118310405372; 4)
(118310515928; 5)
(118310709401; 4)
(118310856809; 5)
(118310875235; 4)
(118310884448; 5)
(118310893661; 4)
(118315426457; 5)
(118319784206; 4)
(118319793419; 5)
(118319903975; 4)
(118319913188; 5)
(118319931614; 4)
(118326380714; 5)
(118326399140; 4)
(118326435992; 5)
(118328573408; 4)
(118328601047; 5)
(118328720822; 4)
(118328757678; 5)
(118329163094; 4)
(118329190736; 5)
(118329209164; 4)
(118329633008; 5)
(118329642222; 4)
(118329651436; 5)
(118329752790; 4)
(118329780432; 5)
(118329789646; 4)
(118330084494; 5)
(118330139778; 4)
(118330821614; 5)
(118330830828; 4)
(118330840042; 5)
(118330849256; 4)
(118330858470; 5)
(118330886112; 4)
(118330950610; 5)
(118330959824; 4)
(118331356026; 5)
(118331365240; 4)
(118331411310; 5)
(118331438952; 4)
(118332093146; 5)
(118332111574; 4)
(118332120788; 5)
(118332139216; 4)
(118332176072; 5)
(118332194500; 4)
(118332295854; 5)
(118332305068; 4)
(118332323496; 5)
(118332332710; 4)
(118332682842; 5)
(118332692056; 4)
(118332719698; 5)
(118332756554; 4)
(118332839480; 5)
(118333576600; 4)
(118333585814; 5)
(118333595028; 4)
(118333604242; 5)
(118333641098; 4)
(118333650312; 5)
(118333659526; 4)
(118333668740; 5)
(118333797736; 4)
(118333816164; 5)
(118333917518; 4)
(118333972802; 5)
(118334009658; 4)
(118334028086; 5)
(118334046514; 4)
(118334092584; 5)
(118334111012; 4)
(118334525642; 5)
(118334544070; 4)
(118334553284; 5)
(118334580926; 4)
(118334673066; 5)
(118334682280; 4)
(118334719136; 5)
(118334728350; 4)
(118334737564; 5)
(118335336474; 4)
(118335391758; 5)
(118384469271; 4)
(118384506135; 5)
(118384515351; 4)
(118384552215; 5)
(118384598295; 4)
(118384616727; 5)
(118384893207; 4)
(118385750295; 5)
(118386063639; 4)
(118386072855; 5)
(118386128151; 4)
(118386155799; 5)
(118386174231; 4)
(118386192663; 5)
(118386211095; 4)
(118386220311; 5)
(118386506007; 4)
(118386791703; 5)
(118386800919; 4)
(118386976023; 5)
(118386994455; 4)
(118389455127; 5)
(118389703959; 4)
(118389722391; 5)
(118389731607; 4)
(118389768471; 5)
(118389796119; 4)
(118389805335; 5)
(118389879063; 4)
(118389925143; 5)
(118389943575; 4)
(118390008087; 5)
(118390026519; 4)
(118390395159; 5)
(118390413591; 4)
(118431565849; 5)
(118431602721; 4)
(118431611939; 5)
(118431621157; 4)
(118431796299; 5)
(118431925351; 4)
(118431943787; 5)
(118431971441; 4)
(118431980659; 5)
(118431999095; 4)
(118432146583; 5)
(118432220327; 4)
(118432229545; 5)
(118432238763; 4)
(118432266417; 5)
(118433261961; 4)
(118433271179; 5)
(118433280397; 4)
(118433308051; 5)
(118433317269; 4)
(118433455539; 5)
(118433473975; 4)
(118433483193; 5)
(118433492411; 4)
(118448425571; 5)
(118449587039; 4)
(118449596257; 5)
(118449605475; 4)
(118449651565; 5)
(118506765056; 4)
(118506783496; 5)
(118506792716; 4)
(118506801936; 5)
(118506866476; 4)
(118506894136; 5)
(118506912576; 4)
(118507235276; 5)
(118507262936; 4)
(118507281376; 5)
(118507327476; 4)
(118507659396; 5)
(118507880676; 4)
(118507935996; 5)
(118507945216; 4)
(118507954436; 5)
(118507972876; 4)
(118508000536; 5)
(118508018976; 4)
(118508092736; 5)
(118508212596; 4)
(118508221816; 5)
(118508240256; 4)
(118508249476; 5)
(118508489196; 4)
(118508507636; 5)
(118510130530; 4)
(118510139751; 5)
(118510158193; 4)
(118510176635; 5)
(118510195077; 4)
(118510204298; 5)
(118510213519; 4)
(118510241182; 5)
(118510268845; 4)
(118510471707; 5)
(118510480928; 4)
(118510499370; 5)
(118510508591; 4)
(118510545475; 5)
(118510591580; 4)
(118510665348; 5)
(118510674569; 4)
(118510683790; 5)
(118510803663; 4)
(118512445001; 5)
(118512481885; 4)
(118512491106; 5)
(118512509548; 4)
(118512518769; 5)
(118512527990; 4)
(118512804620; 5)
(118512813841; 4)
(118512823062; 5)
(118512869167; 4)
(118512887609; 5)
(118512933714; 4)
(118512942935; 5)
(118513053587; 4)
(118513496195; 5)
(118513560742; 4)
(118513569963; 5)
(118513588405; 4)
(118513606847; 5)
(118513625289; 4)
(118513662173; 5)
(118513717499; 4)
(118513745162; 5)
(118513782046; 4)
(118513818930; 5)
(118513828151; 4)
(118517147711; 5)
(118517156932; 4)
(118517212258; 5)
(118517221479; 4)
(118517249142; 5)
(118517313689; 4)
(118517544214; 5)
(118517553435; 4)
(118517747076; 5)
(118517783960; 4)
(118517802402; 5)
(118517830065; 4)
(118518189684; 5)
(118518816712; 4)
(118518835154; 5)
(118518844375; 4)
(118519194773; 5)
(118519203994; 4)
(118519333088; 5)
(118519665044; 4)
(118519674265; 5)
(118519701928; 4)
(118519711149; 5)
(118519812580; 4)
(118519950895; 5)
(118519978558; 4)
(118520006221; 5)
(118520070768; 4)
(118522431344; 5)
(118522477449; 4)
(118522505112; 5)
(118522532775; 4)
(118522541996; 5)
(118522551217; 4)
(118522634206; 5)
(118523049151; 4)
(118523058372; 5)
(118523067593; 4)
(118640914264; 5)
(118640923490; 4)
(118641790734; 5)
(118643958844; 4)
(118643977296; 5)
(118644392466; 4)
(118644623116; 5)
(118644641568; 4)
(118644669246; 5)
(118644678472; 4)
(118644973704; 5)
(118645139772; 4)
(118645407326; 5)
(118645564168; 4)
(118645619524; 5)
(118645637976; 4)
(118645647202; 5)
(118645711784; 4)
(118645730236; 5)
(118645739462; 4)
(118645887078; 5)
(118647879894; 4)
(118648027510; 5)
(118648036736; 4)
(118648064414; 5)
(118648387324; 4)
(118648498036; 5)
(118648507262; 4)
(118648525714; 5)
(118648627200; 4)
(118648691782; 5)
(118648728686; 4)
(118648885528; 5)
(118648940884; 4)
(118648959336; 5)
(118649208438; 4)
(118649217664; 5)
(118649236116; 4)
(118649808128; 5)
(118650481626; 4)
(118650490852; 5)
(118650500078; 4)
(118650518530; 5)
(118650546208; 4)
(118650555434; 5)
(118650583112; 4)
(118650592338; 5)
(118650601564; 4)
(118650656920; 5)
(118650804536; 4)
(118650832214; 5)
(118650841440; 4)
(118656229424; 5)
(118656247876; 4)
(118656257102; 5)
(118656266328; 4)
(118656303232; 5)
(118656312458; 4)
(118656958278; 5)
(118658185336; 4)
(118658222240; 5)
(118658240692; 4)
(118658812704; 5)
(118658923416; 4)
(118658932642; 5)
(118659135614; 4)
(118659375490; 5)
(118659384716; 4)
(118691734556; 5)
(118691799152; 4)
(118691808380; 5)
(118691826836; 4)
(118691909888; 5)
(118691928344; 4)
(118692325148; 5)
(118692334376; 4)
(118692380516; 5)
(118692398972; 4)
(118692426656; 5)
(118692445112; 4)
(118692924968; 5)
(118692971108; 4)
(118692980336; 5)
(118692998792; 4)
(118693450964; 5)
(118693460192; 4)
(118693497104; 5)
(118693524788; 4)
(118693783172; 5)
(118693847768; 4)
(118693866224; 5)
(118693884680; 4)
(118693893908; 5)
(118693995416; 4)
(118694373764; 5)
(118694401448; 4)
(118696994516; 5)
(118697049884; 4)
