(315000000001; -2)
(315011319850; -3)
(315011364949; -2)
(315011395015; -3)
(315011410048; -2)
(315012146665; -3)
(315012176731; -2)
(315012236863; -3)
(315012582622; -2)
(315012597655; -3)
(315012808117; -2)
(315013018579; -3)
(315013033612; -2)
(315013364338; -3)
(315013454536; -2)
(315013469569; -3)
(315013484602; -2)
(315013544734; -3)
(315013559767; -2)
(315013574800; -3)
(315013604866; -2)
(315013619899; -3)
(315013664998; -2)
(315013755196; -3)
(315013785262; -2)
(315016190542; -3)
(315016280740; -2)
(315016536301; -3)
(315016821928; -2)
(315016836961; -3)
(315016882060; -2)
(315016897093; -3)
(315016912126; -2)
(315016942192; -3)
(315017122588; -2)
(315017152654; -3)
(315017182720; -2)
(315018129799; -3)
(315019512835; -2)
(315019588000; -3)
(315019693231; -2)
(315019708264; -3)
(315019738330; -2)
(315019843561; -3)
(315021031168; -2)
(315021046201; -3)
(315021226597; -2)
(315021271696; -3)
(315030322031; -2)
(315030337065; -3)
(315030352099; -2)
(315030457337; -3)
(315032907879; -2)
(315032922913; -3)
(315032968015; -2)
(315032983049; -3)
(315033088287; -2)
(315033960259; -3)
(315033990327; -2)
(315034065497; -3)
(315034351143; -2)
(315039237193; -3)
(315039342431; -2)
(315039372499; -3)
(315098623717; -2)
(315098653787; -3)
(315100442952; -2)
(315100758687; -3)
(315100818827; -2)
(315100848897; -3)
(315100863932; -2)
(315100954142; -3)
(315100969177; -2)
(315100984212; -3)
(315100999247; -2)
(315101044352; -3)
(315101314982; -2)
(315101375122; -3)
(315101480367; -2)
(315103660442; -3)
(315103720582; -2)
(315103795757; -3)
(315103946107; -2)
(315103976177; -3)
(315103991212; -2)
(315104006247; -3)
(315104021282; -2)
(315104036317; -3)
(315104066387; -2)
(315104081422; -3)
(315109479146; -2)
(315109794902; -3)
(315109900154; -2)
(315111328574; -3)
(315111509006; -2)
(315111554114; -3)
(315111794690; -2)
(315111809726; -3)
(315112065338; -2)
(315112080374; -3)
(315113027642; -2)
(315113087786; -3)
(315113147930; -2)
(315113162966; -3)
(315113193038; -2)
(315113283254; -3)
(315114035054; -2)
(315115673978; -3)
(315115704050; -2)
(315115719086; -3)
(315115779230; -2)
(315115809302; -3)
(315116260382; -2)
(315116275418; -3)
(315116455850; -2)
(315117839162; -3)
(315118726286; -2)
(315119553266; -3)
(315119808878; -2)
(315119929166; -3)
(315119944202; -2)
(315119959238; -3)
(315120425354; -2)
(315120515570; -3)
(315200150240; -2)
(315200240468; -3)
(315200255506; -2)
(315201473584; -3)
(315201879610; -2)
(315202014952; -3)
(315202029990; -2)
(315202045028; -3)
(315202060066; -2)
(315203744322; -3)
(315203759360; -2)
(315203864626; -3)
(315203879664; -2)
(315325787868; -3)
(315325983401; -2)
(315325998442; -3)
(315333940090; -2)
(315334030336; -3)
(315334060418; -2)
(315354215358; -3)
(315355162941; -2)
(315361690939; -3)
(315361705981; -2)
(315365346145; -3)
(315365376229; -2)
(315365511607; -3)
(315365526649; -2)
(315365586817; -3)
(315365601859; -2)
(315365646985; -3)
(315365842531; -2)
(315365857573; -3)
(315365872615; -2)
(315366128329; -3)
(315366143371; -2)
(315366594631; -3)
(315366639757; -2)
(315366985723; -3)
(315367136143; -2)
(315404500733; -3)
(315404530819; -2)
(315404560905; -3)
(315404575948; -2)
(315404590991; -3)
(315404666206; -2)
(315404711335; -3)
(315404726378; -2)
(315404756464; -3)
(315404771507; -2)
(315404921937; -3)
(315404982109; -2)
(315409991428; -3)
(315410006471; -2)
(315410578105; -3)
(315410608191; -2)
(315410653320; -3)
(315410668363; -2)
(315418565938; -3)
(315418881841; -2)
(315418926970; -3)
(315418942013; -2)
(315419047314; -3)
(315419107486; -2)
(315419122529; -3)
(315419167658; -2)
(315420446313; -3)
(315420506485; -2)
(315420972818; -3)
(315421063076; -2)
(315470210400; -3)
(315470285620; -2)
(315470330752; -3)
(315470360840; -2)
(315471113040; -3)
(315471308612; -2)
(315471669668; -3)
(315471759932; -2)
(315471835152; -3)
(315471880284; -2)
(315479838560; -3)
(315479853604; -2)
(315480019088; -3)
(315480109352; -2)
(315480124396; -3)
(315480350056; -2)
(315480365100; -3)
(315480410232; -2)
(315480425276; -3)
(315480726156; -2)
(315481102256; -3)
(315481132344; -2)
(315481177476; -3)
(315483975660; -2)
(315491392815; -3)
(315491452995; -2)
(315491468040; -3)
(315491483085; -2)
(315491528220; -3)
(315491543265; -2)
(315491573355; -3)
(315491618490; -2)
(315491633535; -3)
(315491648580; -2)
(315491693715; -3)
(315491738850; -2)
(315492370740; -3)
(315492385785; -2)
(315492400830; -3)
(315492430920; -2)
(315492566325; -3)
(315492641550; -2)
(315492656595; -3)
(315492731820; -2)
(315492927405; -3)
(315493002630; -2)
(315500374680; -3)
(315500419815; -2)
(315500525130; -3)
(315500675580; -2)
(315500690625; -3)
(315501578280; -2)
(315501593325; -3)
(315501608370; -2)
(315501623415; -3)
(315518714535; -2)
(315518744625; -3)
(315518970300; -2)
(315519000390; -3)
(315519015435; -2)
(315519165885; -3)
(315519180930; -2)
(315519331380; -3)
(315519421650; -2)
(315519481830; -3)
(315520986330; -2)
(315521588130; -3)
(315521663355; -2)
(315521678400; -3)
(315521813805; -2)
(315724613265; -3)
(315724643365; -2)
(315724703565; -3)
(315724718615; -2)
(315724733665; -3)
(315724793865; -2)
(315725486165; -3)
(315725501215; -2)
(315725516265; -3)
(315725531315; -2)
(315725772115; -3)
(315725832315; -2)
(315725847365; -3)
(315725862415; -2)
(315725877465; -3)
(315725907565; -2)
(315726073115; -3)
(315726088165; -2)
(315726238665; -3)
(315726253715; -2)
(315726268765; -3)
(315726404215; -2)
(315726434315; -3)
(315726464415; -2)
(315726509565; -3)
(315726524615; -2)
(315726629965; -3)
(315726645015; -2)
(315726660065; -3)
(315726795515; -2)
(315727638315; -3)
(315728992815; -2)
(315729414215; -3)
(315729444315; -2)
(315729549665; -3)
(315729564715; -2)
(315729609865; -3)
(315731897465; -2)
(315732123215; -3)
(315732138265; -2)
(315732303815; -3)
(315732333915; -2)
(315733387415; -3)
(315745021657; -2)
(315745051759; -3)
(315745066810; -2)
(315745096912; -3)
(315745127014; -2)
(315745142065; -3)
(315745157116; -2)
(315745172167; -3)
(315745187218; -2)
(315745969870; -3)
(315745984921; -2)
(315746015023; -3)
(315746045125; -2)
(315746255839; -3)
(315746406349; -2)
(315746421400; -3)
(315746481604; -2)
(315746602012; -3)
(315746617063; -2)
(315748648948; -3)
(315748694101; -2)
(315748739254; -3)
(315748754305; -2)
(315796708029; -3)
(315796723081; -2)
(315802593361; -3)
(315802623465; -2)
(315802789037; -3)
(315803300805; -2)
(315803345961; -3)
(315803391117; -2)
(315804986629; -3)
(315805122097; -2)
(315805137149; -3)
