(45000000001; 6)
(45099699406; 5)
(45099779038; 6)
(45104318062; 5)
(45104323750; 6)
(45104363566; 5)
(45104374942; 6)
(45104386318; 5)
(45104392006; 6)
(45104460262; 5)
(45104539894; 6)
(45116480280; 5)
(45116491658; 6)
(45116497347; 5)
(45116520103; 6)
(45116525792; 5)
(45116548548; 6)
(45116571304; 5)
(45116611127; 6)
(45116770419; 5)
(45116832998; 6)
(45117174338; 5)
(45117180027; 6)
(45119370292; 5)
(45119375981; 6)
(45120985968; 5)
(45121003035; 6)
(45121025791; 5)
(45124097851; 6)
(45124609861; 5)
(45124626928; 6)
(45124649684; 5)
(45124655373; 6)
(45124661062; 5)
(45124666751; 6)
(45124672440; 5)
(45124723641; 6)
(45124735019; 5)
(45124740708; 6)
(45124746397; 5)
(45124780531; 6)
(45124786220; 5)
(45124803287; 6)
(45124814665; 5)
(45124843110; 6)
(45124848799; 5)
(45124854488; 6)
(45124882933; 5)
(45124888622; 6)
(45125252746; 5)
(45125269816; 6)
(45125275506; 5)
(45125281196; 6)
(45126282636; 5)
(45126294016; 6)
(45126316776; 5)
(45143631917; 6)
(45143643299; 5)
(45143660372; 6)
(45143671754; 5)
(45143694518; 6)
(45143700209; 5)
(45143734355; 6)
(45143745737; 5)
(45143751428; 6)
(45143762810; 5)
(45143768501; 6)
(45143796956; 5)
(45143808338; 6)
(45143819720; 5)
(45143853866; 6)
(45143882321; 5)
(45143888012; 6)
(45143905085; 5)
(45152350529; 6)
(45152361911; 5)
(45152373293; 6)
(45152424512; 5)
(45152430203; 6)
(45152464349; 5)
(45152475731; 6)
(45152481422; 5)
(45152612315; 6)
(45152629388; 5)
(45152635079; 6)
(45152657843; 5)
(45152669225; 6)
(45152743208; 5)
(45152748899; 6)
(45152765972; 5)
(45153078977; 6)
(45153090359; 5)
(45153107432; 6)
(45153175724; 5)
(45153278162; 6)
(45153335072; 5)
(45153352145; 6)
(45153784661; 5)
(45153790352; 6)
(45153858644; 5)
(45153875717; 6)
(45153887099; 5)
(45153898481; 6)
(45153904172; 5)
(45153932627; 6)
(45153938318; 5)
(45154109048; 6)
(45154507418; 5)
(45154524491; 6)
(45154587092; 5)
(45154592783; 6)
(45154598474; 5)
(45154695221; 6)
(45154712294; 5)
(45154774895; 6)
(45154831805; 5)
(45154837496; 6)
(45155565944; 5)
(45156163499; 6)
(45156169190; 5)
(45156214718; 6)
(45156254555; 5)
(45156339920; 6)
(45156413903; 5)
(45156419594; 6)
(45156430976; 5)
(45156448049; 6)
(45156453740; 5)
(45156522032; 6)
(45156550487; 5)
(45156561869; 6)
(45156567560; 5)
(45156618779; 6)
(45156669998; 5)
(45156709835; 6)
(45156817964; 5)
(45156840732; 6)
(45156971648; 5)
(45156988724; 6)
(45157039952; 5)
(45157068412; 6)
(45157079796; 5)
(45157085488; 6)
(45157557924; 5)
(45157563616; 6)
(45157586384; 5)
(45157592076; 6)
(45157597768; 5)
(45157620536; 6)
(45157631920; 5)
(45157643304; 6)
(45157666072; 5)
(45157705916; 6)
(45157717300; 5)
(45157796988; 6)
(45157802680; 5)
(45157893752; 6)
(45157922212; 5)
(45160745444; 6)
(45160825132; 5)
(45160830824; 6)
(45160859284; 5)
(45160910512; 6)
(45160916204; 5)
(45160921896; 6)
(45161787080; 5)
(45161804156; 6)
(45161809848; 5)
(45166186996; 6)
(45166192688; 5)
(45166608204; 6)
(45166613896; 5)
(45166648048; 6)
(45167837676; 5)
(45167843368; 6)
(45167849060; 5)
(45167860444; 6)
(45167866136; 5)
(45167871828; 6)
(45168873620; 5)
(45168902080; 6)
(45169385900; 5)
(45169465588; 6)
(45169499740; 5)
(45169511124; 6)
(45169573736; 5)
(45169579428; 6)
(45169750188; 5)
(45169755880; 6)
(45169761572; 5)
(45169784340; 6)
(45169790032; 5)
(45169869720; 6)
(45169875412; 5)
(45207065306; 6)
(45207082391; 5)
(45207116561; 6)
(45207133646; 5)
(45207509516; 6)
(45207537991; 5)
(45207543686; 6)
(45207629111; 5)
(45207634806; 6)
(45207657586; 5)
(45207668976; 6)
(45207674671; 5)
(45207686061; 6)
(45450634646; 5)
(45450663196; 6)
(45450680326; 5)
(45450691746; 6)
(45450697456; 5)
(45450703166; 6)
(45450720296; 5)
(45451228486; 6)
(45451262746; 5)
(45451274166; 6)
(45451279876; 5)
(45612799911; 6)
(45612845671; 5)
(45612851391; 6)
(45612874271; 5)
(45612891431; 6)
(45923950821; 5)
(45923956561; 6)
(45923979521; 5)
(45923985261; 6)
(45923996741; 5)
(45924013961; 6)
(45925339901; 5)
(45925357121; 6)
(45925471921; 5)
(45925483401; 6)
(45925558021; 5)
(45925575241; 6)
(45925580981; 5)
(45925609681; 6)
(45925615421; 5)
(45925638381; 6)
(45925672821; 5)
(45925678561; 6)
(45925695781; 5)
(45925701521; 6)
(45925713001; 5)
(45925724481; 6)
(45925730221; 5)
(45926401801; 6)
(45926413281; 5)
(45926751941; 6)
(45926757681; 5)
(45927308721; 6)
(45927314461; 5)
(45927320201; 6)
(45927331681; 5)
(45927337421; 6)
(45927348901; 5)
(45928628921; 6)
(45928646141; 5)
(45928651881; 6)
(45928663361; 5)
(45928669101; 6)
(45928674841; 5)
(45929030721; 6)
(45929134041; 5)
(45929145521; 6)
(45929151261; 5)
(45929157001; 6)
(45929248841; 5)
(45929260321; 6)
(45929444001; 5)
(45929449741; 6)
(45929478441; 5)
(45929484181; 6)
(45929644901; 5)
(45929771181; 6)
(45933203701; 5)
(45933226661; 6)
(45933238141; 5)
(45933243881; 6)
(45933261101; 5)
(45933266841; 6)
(45933272581; 5)
(45933278321; 6)
(45933284061; 5)
(45933301281; 6)
(45933347201; 5)
(45933427561; 6)
(45933456261; 5)
(45934753501; 6)
(45934759241; 5)
(45934776461; 6)
(45934805161; 5)
(45943381722; 6)
(45943387463; 5)
(45943393204; 6)
(45943777851; 5)
(45943823779; 6)
(45943835261; 5)
(45943841002; 6)
(45943869707; 5)
(45943881189; 6)
(45943886930; 5)
(45943915635; 6)
(45943955822; 5)
(45943967304; 6)
(45943990268; 5)
(45943996009; 6)
(45944007491; 5)
(45947090408; 6)
(45947124854; 5)
(45947147818; 6)
(45947325789; 5)
(45947331530; 6)
(45947337271; 5)
(45947343012; 6)
(45947348753; 5)
(45947417645; 6)
(45947423386; 5)
(45947498019; 6)
(45947503760; 5)
(45947790810; 6)
(45947865443; 5)
(45947934335; 6)
(45947945817; 5)
(45947951558; 6)
(45947957299; 5)
(45948875859; 6)
(45948950492; 5)
(45950454634; 6)
(45950489080; 5)
(45950506303; 6)
(45950517785; 5)
(45950523526; 6)
(45950644087; 5)
(45950649828; 6)
(45950655569; 5)
(45954347155; 6)
(45954398833; 5)
(45954502189; 6)
(45954519415; 5)
(45954571093; 6)
(45954599803; 5)
(45954605545; 6)
(45954628513; 5)
(45954909871; 6)
(45954944323; 5)
(45954950065; 6)
(45954961549; 5)
(45954973033; 6)
(45955013227; 5)
(45955018969; 6)
(45955070647; 5)
(45955076389; 6)
(45955082131; 5)
(45955145293; 6)
(45963999457; 5)
(45964005199; 6)
(45964016683; 5)
(45964022425; 6)
(45964028167; 5)
(45964039651; 6)
(45964056877; 5)
(45964074103; 6)
(45964102813; 5)
(45964108555; 6)
(45964154491; 5)
(45964464559; 6)
(45965274181; 5)
(45965302891; 6)
(45965337343; 5)
(45965360311; 6)
(45965366053; 5)
(45965383279; 6)
(45965681863; 5)
(45965687605; 6)
(45965693347; 5)
(45965710573; 6)
(45975639534; 5)
(45975656763; 6)
(45975662506; 5)
(45975702707; 6)
(45975857768; 5)
(45975863511; 6)
(45987562333; 5)
(45987568077; 6)
(45987792093; 5)
(45987820813; 6)
(45987826557; 5)
(45987832301; 6)
(45987918461; 5)
(45987929949; 6)
(45991686525; 5)
(45991692269; 6)
(45991738221; 5)
