(4000000001; 9)
(4015974747; 10)
(4015978141; 9)
(4015979838; 10)
(4015983232; 9)
(4015993414; 10)
(4016032445; 9)
(4016064688; 10)
(4016066385; 9)
(4016068082; 10)
(4016086749; 9)
(4017142283; 10)
(4017143980; 9)
(4017223739; 10)
(4017230527; 9)
(4017259376; 10)
(4017311983; 9)
(4017373075; 10)
(4017376469; 9)
(4017483380; 10)
(4017485077; 9)
(4017607261; 10)
(4017608958; 9)
(4017610655; 10)
(4017632716; 9)
(4017634413; 10)
(4017636110; 9)
(4018072239; 10)
(4018106179; 9)
(4018107876; 10)
(4018109573; 9)
(4018162180; 10)
(4018187635; 9)
(4018191029; 10)
(4018264000; 9)
(4018272485; 10)
(4018275879; 9)
(4018282667; 10)
(4018294546; 9)
(4018296243; 10)
(4018297940; 9)
(4018299637; 10)
(4018301334; 9)
(4018303031; 10)
(4018854738; 9)
(4039202222; 8)
(4039253282; 9)
(4039258388; 8)
(4039265196; 9)
(4039266898; 8)
(4039588576; 9)
(4039603894; 8)
(4039607298; 9)
(4039736650; 8)
(4039743458; 9)
(4039745160; 8)
(4039748564; 9)
(4039753670; 8)
(4039755372; 9)
(4039757074; 8)
(4039758776; 9)
(4039767286; 8)
(4039770690; 9)
(4039772392; 8)
(4039777498; 9)
(4039789412; 8)
(4040854864; 9)
(4040858268; 8)
(4040873586; 9)
(4040876990; 8)
(4040878692; 9)
(4041273556; 8)
(4041278662; 9)
(4041350146; 8)
(4041353550; 9)
(4041355252; 8)
(4041363762; 9)
(4041508432; 8)
(4041510134; 9)
(4041511836; 8)
(4041515240; 9)
(4041518644; 8)
(4042192636; 9)
(4042197742; 8)
(4042206252; 9)
(4042207954; 8)
(4042211358; 9)
(4042213060; 8)
(4042218166; 9)
(4042419103; 8)
(4042429321; 9)
(4042431024; 8)
(4042451460; 9)
(4042453163; 8)
(4042456569; 9)
(4042463381; 8)
(4042466787; 9)
(4042470193; 8)
(4042471896; 9)
(4042477005; 8)
(4042483817; 9)
(4042485520; 8)
(4042494035; 9)
(4042497441; 8)
(4042531501; 9)
(4042538313; 8)
(4042694989; 9)
(4042696692; 8)
(4042752891; 9)
(4043025371; 8)
(4043120739; 9)
(4043885386; 8)
(4043965427; 9)
(4043975645; 8)
(4043977348; 9)
(4043985863; 8)
(4043989269; 9)
(4044018220; 8)
(4044045468; 9)
(4044057389; 8)
(4044086340; 9)
(4044088043; 8)
(4044106776; 9)
(4044108479; 8)
(4044113588; 9)
(4044115291; 8)
(4044116994; 9)
(4044118697; 8)
(4044120400; 9)
(4044156163; 8)
(4044619379; 9)
(4044621082; 8)
(4044624488; 9)
(4044626191; 8)
(4044661954; 9)
(4044665360; 8)
(4045349966; 9)
(4045380620; 8)
(4045382323; 9)
(4045406165; 8)
(4046313864; 9)
(4046395608; 8)
(4046397311; 9)
(4046402420; 8)
(4046407529; 9)
(4046427965; 8)
(4063182882; 7)
(4063193124; 8)
(4063194831; 7)
(4063199952; 8)
(4063203366; 7)
(4063205073; 8)
(4063232385; 7)
(4063234092; 8)
(4063247748; 7)
(4063251162; 8)
(4063321149; 7)
(4063722294; 8)
(4063732536; 7)
(4063739364; 8)
(4063746192; 7)
(4063747899; 8)
(4063759848; 7)
(4063761555; 8)
(4063764969; 7)
(4063773504; 8)
(4063775211; 7)
(4063776918; 8)
(4063778625; 7)
(4063782039; 8)
(4063812765; 7)
(4063816179; 8)
(4063821300; 7)
(4063823007; 8)
(4067143781; 7)
(4067145489; 8)
(4067154029; 7)
(4067159153; 8)
(4067160861; 7)
(4067162569; 8)
(4067164277; 7)
(4067165985; 8)
(4067181357; 7)
(4067804777; 8)
(4067849185; 7)
(4067856017; 8)
(4067897009; 7)
(4067898717; 8)
(4067905549; 7)
(4067910673; 8)
(4067912381; 7)
(4068148085; 8)
(4068149793; 7)
(4068154917; 8)
(4069647709; 7)
(4069659665; 8)
(4069661373; 7)
(4075081665; 8)
(4075141480; 7)
(4075173951; 8)
(4075182496; 7)
(4075218385; 8)
(4075220094; 7)
(4075230348; 8)
(4075232057; 7)
(4075290163; 8)
(4075384158; 7)
(4075420047; 8)
(4075421756; 7)
(4075423465; 8)
(4075488407; 7)
(4075490116; 8)
(4079170003; 7)
(4079171713; 8)
(4079176843; 7)
(4079178553; 8)
(4079209333; 7)
(4079211043; 8)
(4079234983; 7)
(4079236693; 8)
(4079652223; 7)
(4079653933; 8)
(4079659063; 7)
(4080192583; 8)
(4080196003; 7)
(4080202843; 8)
(4080213103; 7)
(4080249013; 8)
(4080252433; 7)
(4080801628; 8)
(4080830715; 7)
(4080851247; 8)
(4080965884; 7)
(4080969306; 8)
(4080991549; 7)
(4080994971; 8)
(4081001815; 7)
(4081015503; 8)
(4081017214; 7)
(4081036035; 8)
(4081037746; 7)
(4081070255; 8)
(4081071966; 7)
(4081075388; 8)
(4084025152; 7)
(4084026863; 8)
(4084040551; 7)
(4084042262; 8)
(4084052528; 7)
(4084055950; 8)
(4084061083; 7)
(4084076482; 8)
(4084459746; 7)
(4084476856; 8)
(4084478567; 7)
(4084885785; 8)
(4084906317; 7)
(4084909739; 8)
(4084918294; 7)
(4084920005; 8)
(4084923427; 7)
(4084973046; 8)
(4084974757; 7)
(4084998711; 8)
(4085000422; 7)
(4085073995; 8)
(4085080839; 7)
(4085094532; 8)
(4085096244; 7)
(4085125348; 8)
(4086371684; 7)
(4086373396; 8)
(4086383668; 7)
(4086426468; 8)
(4086438452; 7)
(4086556580; 8)
(4086558292; 7)
(4086561716; 8)
(4086565140; 7)
(4086583972; 8)
(4096210038; 7)
(4096352300; 8)
(4096354014; 7)
(4096355728; 8)
(4096357442; 7)
(4096359156; 8)
(4096434572; 7)
(4106913066; 8)
(4106914782; 7)
(4107637218; 8)
(4107664674; 7)
(4107668106; 8)
(4107705858; 7)
(4107736746; 8)
(4107750474; 7)
(4107752190; 8)
(4107755622; 7)
(4107760770; 8)
(4107762486; 7)
(4107776214; 8)
(4107777930; 7)
(4107803670; 8)
(4107810534; 7)
(4107939234; 8)
(4107956394; 7)
(4107964974; 8)
(4112651791; 7)
(4112660376; 8)
(4112794302; 7)
(4133747871; 6)
(4140666838; 7)
(4140713359; 6)
(4140728866; 7)
(4140734035; 6)
(4140735758; 7)
(4140737481; 6)
(4140749542; 7)
(4140752988; 6)
(4140809847; 7)
(4140844307; 6)
(4140846030; 7)
(4143025899; 6)
(4143856867; 7)
(4162979975; 6)
(4163069831; 7)
(4163104391; 6)
(4163109575; 7)
(4163118215; 6)
(4163121671; 7)
(4163123399; 6)
(4163280647; 7)
(4163301383; 6)
(4163318663; 7)
(4163320391; 6)
(4163322119; 7)
(4163467271; 6)
(4166594951; 7)
(4166645079; 6)
(4166651995; 7)
(4166653724; 6)
(4166676201; 7)
(4166696949; 6)
(4166703865; 7)
(4166707323; 6)
(4166743632; 7)
(4166747090; 6)
(4166779941; 7)
(4166781670; 6)
(4166783399; 7)
(4166785128; 6)
(4166788586; 7)
(4166809334; 6)
(4166811063; 7)
(4166816250; 6)
(4167305557; 7)
(4167307286; 6)
(4167310744; 7)
(4167317660; 6)
(4167357427; 7)
(4168996519; 6)
(4168999977; 7)
(4169202270; 6)
(4169231663; 7)
(4169273159; 6)
(4169276617; 7)
(4169281804; 6)
(4169323300; 7)
(4169325029; 6)
(4169344048; 7)
(4169397647; 6)
(4169401105; 7)
(4169468536; 6)
(4169473723; 7)
(4169485826; 6)
(4169492742; 7)
(4169570547; 6)
(4173548467; 7)
(4174527647; 6)
(4174529377; 7)
(4174531107; 6)
(4174532837; 7)
(4174882297; 6)
(4174903057; 7)
(4174904787; 6)
(4174906517; 7)
(4175025887; 6)
(4175036267; 7)
(4175037997; 6)
(4175043187; 7)
(4175044917; 6)
(4175050107; 7)
(4175060487; 6)
(4175114117; 7)
(4175119307; 6)
(4175249057; 7)
(4175252517; 6)
(4175326907; 7)
(4175339017; 6)
(4175344207; 7)
(4175370157; 6)
(4175371887; 7)
(4175404757; 6)
(4175406487; 7)
(4175411677; 6)
(4175773247; 7)
(4175783627; 6)
(4175906457; 7)
(4175911647; 6)
(4175918567; 7)
(4175928947; 6)
(4176044857; 7)
(4176050047; 6)
(4207546712; 7)
(4207548449; 6)
(4207555397; 7)
(4207557134; 6)
(4207680461; 7)
(4207683935; 6)
(4207727360; 7)
(4207730834; 6)
(4207732571; 7)
(4207736045; 6)
(4207739519; 7)
(4207741256; 6)
(4207748204; 7)
(4207749941; 6)
(4207751678; 7)
(4207765574; 6)
(4207775996; 7)
(4207777733; 6)
(4207810736; 7)
(4207812473; 6)
(4207814210; 7)
(4207819421; 6)
(4207836791; 7)
(4207927115; 6)
(4207937537; 7)
(4207977488; 6)
(4207979225; 7)
(4207980962; 6)
(4207987910; 7)
(4207989647; 6)
(4209259394; 7)
(4209266342; 6)
(4209268079; 7)
(4209344507; 6)
(4215463859; 7)
(4215569938; 6)
(4215811659; 7)
(4215992515; 6)
(4215999471; 7)
(4216001210; 6)
(4216115984; 7)
(4216122940; 6)
(4216135113; 7)
(4216140330; 6)
(4216145547; 7)
(4216147286; 6)
(4216199456; 7)
(4216201195; 6)
(4216213368; 7)
(4216653335; 6)
(4216775065; 7)
(4216776804; 6)
(4216782021; 7)
(4216783760; 6)
(4216997657; 7)
(4217060261; 6)
(4217284592; 7)
(4217286331; 6)
(4217288070; 7)
(4217867157; 6)
(4217879330; 7)
(4217881069; 6)
(4217888025; 7)
(4217929761; 6)
(4217933239; 7)
(4217934978; 6)
(4217936717; 7)
(4217943673; 6)
(4217945412; 7)
(4217947151; 6)
(4217950629; 7)
(4217961063; 6)
(4217962802; 7)
(4217966280; 6)
(4217968019; 7)
(4217969758; 6)
(4217973236; 7)
(4218027145; 6)
(4218034101; 7)
(4218399291; 6)
(4218402769; 7)
(4218404508; 6)
(4218406247; 7)
(4218425376; 6)
(4218427115; 7)
(4218434071; 6)
(4218453200; 7)
(4218454939; 6)
(4218562757; 7)
(4218860126; 6)
(4218884472; 7)
(4218936642; 6)
(4218938381; 7)
(4219188797; 6)
(4219284442; 7)
(4219287920; 6)
(4219974924; 7)
(4219978404; 6)
(4219997544; 7)
(4220002764; 6)
(4220023644; 7)
(4220027124; 6)
(4221871524; 7)
(4221873264; 6)
(4221875004; 7)
(4221892404; 6)
(4221895884; 7)
(4222285644; 6)
(4222287384; 7)
(4222289124; 6)
(4222299564; 7)
(4222421364; 6)
(4222423104; 7)
(4222424844; 6)
(4222437024; 7)
(4222456164; 6)
(4233725073; 7)
(4233728557; 6)
(4233730299; 7)
(4233732041; 6)
(4233768623; 7)
(4233770365; 6)
(4233794753; 7)
(4233796495; 6)
(4233801721; 7)
(4233805205; 6)
(4233871401; 7)
(4233890563; 6)
(4233894047; 7)
(4233897531; 6)
(4233909725; 7)
(4233920177; 6)
(4233925403; 7)
(4233928887; 6)
(4234054311; 7)
(4234094377; 6)
(4234099603; 7)
(4234106571; 6)
(4234108313; 7)
(4234110055; 6)
(4234113539; 7)
(4234115281; 6)
(4262381452; 7)
(4262388444; 6)
(4262395436; 7)
(4262458364; 6)
(4262753776; 7)
(4271237556; 6)
(4271241056; 7)
(4271244556; 6)
(4271291806; 7)
(4271295306; 6)
(4271297056; 7)
(4271298806; 6)
(4271507056; 7)
(4271515806; 6)
(4271529806; 7)
(4271533306; 6)
(4271578806; 7)
(4271591056; 6)
(4273013806; 7)
(4273019056; 6)
(4273020806; 7)
(4273026056; 6)
(4273029556; 7)
(4273188806; 6)
(4273192306; 7)
(4273201056; 6)
(4273215056; 7)
(4273572197; 6)
(4273575699; 7)
(4273600213; 6)
(4273601964; 7)
(4273607217; 6)
(4273757803; 7)
(4273904887; 6)
(4273906638; 7)
(4273908389; 6)
(4274151778; 7)
(4274158782; 6)
(4274164035; 7)
(4274218316; 6)
(4274220067; 7)
(4274221818; 6)
(4274223569; 7)
(4274225320; 6)
(4274232324; 7)
(4274234075; 6)
(4274235826; 7)
(4274241079; 6)
(4274363649; 7)
(4274367151; 6)
(4274372404; 7)
(4274393416; 6)
(4274421432; 7)
(4277279064; 6)
(4277580236; 7)
(4277581987; 6)
(4277627513; 7)
(4277638019; 6)
(4277641521; 7)
(4277648525; 6)
(4277650276; 7)
(4277652027; 6)
(4278713422; 7)
(4278720430; 6)
(4278730942; 7)
(4278732694; 6)
(4278750214; 7)
(4278767734; 6)
(4278781750; 7)
(4278783502; 6)
(4278872854; 7)
(4278881614; 6)
(4278885118; 7)
(4278888622; 6)
(4278904390; 7)
(4278906142; 6)
(4279118134; 7)
(4297841142; 6)
(4297842898; 7)
(4297844654; 6)
(4297846410; 7)
(4297853434; 6)
(4297855190; 7)
(4297858702; 6)
(4297860458; 7)
(4298108054; 6)
(4298115078; 7)
(4298118590; 6)
(4298144930; 7)
(4298153710; 6)
(4298215170; 7)
(4298216926; 6)
(4298366186; 7)
(4298383746; 6)
(4298387258; 7)
(4298640122; 6)
(4298659438; 7)
(4298668218; 6)
(4298752506; 7)
(4298915814; 6)
(4299277550; 7)
(4299281062; 6)
(4299288086; 7)
(4299296866; 6)
(4299323206; 7)
(4299324962; 6)
(4299326718; 7)
(4299351302; 6)
(4299354814; 7)
(4299360082; 6)
(4299361838; 7)
(4299370618; 6)
(4299382910; 7)
(4299449638; 6)
(4299483002; 7)
(4299623482; 6)
(4299635774; 7)
(4299637530; 6)
(4299639286; 7)
(4299648066; 6)
(4299651578; 7)
(4299698990; 6)
(4299704258; 7)
(4299706014; 6)
(4299707770; 7)
(4299756938; 6)
(4299758694; 7)
(4299760450; 6)
(4299795570; 7)
(4299797326; 6)
(4300243350; 7)
(4300245106; 6)
(4300248618; 7)
(4300252130; 6)
(4300253886; 7)
(4300259154; 6)
(4300264422; 7)
(4300266178; 6)
(4300267934; 7)
(4300269690; 6)
(4300274958; 7)
(4303339564; 6)
(4303355377; 7)
(4303360648; 6)
(4303362405; 7)
(4303392274; 6)
(4303394031; 7)
(4303395788; 6)
(4303404573; 7)
(4303436199; 6)
(4303437956; 7)
(4303455526; 6)
(4303509993; 7)
(4303513507; 6)
(4303518778; 7)
(4303555675; 6)
(4303557432; 7)
(4309293266; 6)
(4309295024; 7)
(4309307330; 6)
(4309309088; 7)
(4309312604; 6)
(4309316120; 7)
(4309321394; 6)
(4309374134; 7)
(4309375892; 6)
(4309377650; 7)
(4309386440; 6)
(4309662446; 7)
(4309665962; 6)
(4309676510; 7)
(4309692332; 6)
(4309694090; 7)
(4310202152; 6)
(4310239070; 7)
(4310240828; 6)
(4355480897; 7)
(4355890841; 6)
(4355894375; 7)
(4355912045; 6)
(4355915579; 7)
(4355926181; 6)
(4355935016; 7)
(4355938550; 6)
(4355940317; 7)
(4355957987; 6)
(4355959754; 7)
(4355963288; 6)
(4355968589; 7)
(4355980958; 6)
(4356565835; 7)
(4356569369; 6)
(4356576437; 7)
(4356581738; 6)
(4356585272; 7)
(4356592340; 6)
(4356595874; 7)
(4356597641; 6)
(4357080244; 7)
(4357082012; 6)
(4357129748; 7)
(4357165108; 6)
(4357196932; 7)
(4357214612; 6)
(4357218148; 7)
(4357223452; 6)
(4357226988; 7)
(4357232292; 6)
(4357234060; 7)
(4357237596; 6)
(4357239364; 7)
(4357343676; 6)
(4357345444; 7)
(4357348980; 6)
(4357363124; 7)
(4357419700; 6)
(4357425004; 7)
(4357426772; 6)
(4357428540; 7)
(4357432076; 6)
(4357465668; 7)
(4357474508; 6)
(4357483348; 7)
(4357490420; 6)
(4363392998; 5)
(4363396536; 6)
(4363444299; 5)
(4363453144; 6)
(4363465527; 5)
(4363477910; 6)
(4363484986; 5)
(4363486755; 6)
(4366656854; 5)
(4366658624; 6)
(4366660394; 5)
(4366681634; 6)
(4366718804; 5)
(4366789604; 6)
(4367115284; 5)
(4367125904; 6)
(4367129444; 5)
(4367138294; 6)
(4367140064; 5)
(4367143604; 6)
(4367145374; 5)
(4368550754; 6)
(4368554294; 5)
(4368561374; 6)
(4370219864; 5)
(4370262344; 6)
(4370264114; 5)
(4370265884; 6)
(4370267654; 5)
(4370278274; 6)
(4370280044; 5)
(4370281814; 6)
(4370283584; 5)
(4370308364; 6)
(4370320754; 5)
(4370326064; 6)
(4370329604; 5)
(4370331374; 6)
(4370334914; 5)
(4370467664; 6)
(4371674901; 5)
(4371687298; 6)
(4371690840; 5)
(4371694382; 6)
(4371696153; 5)
(4371701466; 6)
(4371827207; 5)
(4371852001; 6)
(4371857314; 5)
(4371859085; 6)
(4371860856; 5)
(4371864398; 6)
(4371867940; 5)
(4371880337; 6)
(4371882108; 5)
(4371892734; 6)
(4371894505; 5)
(4371896276; 6)
(4371898047; 5)
(4371906902; 6)
(4371910444; 5)
(4372053895; 6)
(4372055666; 5)
(4372060979; 6)
(4372062750; 5)
(4372071605; 6)
(4372075147; 5)
(4372108796; 6)
(4372110567; 5)
(4372112338; 6)
(4372115880; 5)
(4372119422; 6)
(4372121193; 5)
(4372128277; 6)
(4373026174; 5)
(4373029716; 6)
(4373031487; 5)
(4373125350; 6)
(4393605932; 5)
(4393694682; 6)
(4393698232; 5)
(4394124232; 6)
(4394173932; 5)
(4394179257; 6)
(4394197007; 5)
(4394202332; 6)
(4394204107; 5)
(4394205882; 6)
(4394255582; 5)
(4394296407; 6)
(4397730107; 5)
(4397731883; 6)
(4397753195; 5)
(4397754971; 6)
(4397756747; 5)
(4398729995; 6)
(4398731771; 5)
(4398737099; 6)
(4398753083; 5)
(4398756635; 6)
(4398769067; 5)
(4398774395; 6)
(4398783275; 5)
(4398786827; 6)
(4398838331; 5)
(4398859643; 6)
(4398880955; 5)
(4398987515; 6)
(4398991067; 5)
(4398992843; 6)
(4398994619; 5)
(4399079867; 6)
(4399083419; 5)
(4399101179; 6)
(4399126043; 5)
(4399129595; 6)
(4399133147; 5)
(4399138475; 6)
(4399140251; 5)
(4399142027; 6)
(4399145579; 5)
(4399149131; 6)
(4399154459; 5)
(4399156235; 6)
(4400376347; 5)
(4400442059; 6)
(4400513099; 5)
(4400514875; 6)
(4400516651; 5)
(4400521979; 6)
(4400525531; 5)
(4405530975; 6)
(4405539860; 5)
(4405559407; 6)
(4405561184; 5)
(4405562961; 6)
(4405568292; 5)
(4405580731; 6)
(4405614494; 5)
(4405628710; 6)
(4405650034; 5)
(4405658919; 6)
(4405660696; 5)
(4405795748; 6)
(4405801079; 5)
(4405802856; 6)
(4405804633; 5)
(4405831288; 6)
(4405833065; 5)
(4405836619; 6)
(4406766349; 5)
(4406812577; 6)
(4407038383; 5)
(4407043717; 6)
(4407296193; 5)
(4407301527; 6)
(4407305083; 5)
(4407308639; 6)
(4407310417; 5)
(4407313973; 6)
(4407319307; 5)
(4407321085; 6)
(4407344199; 5)
(4407347755; 6)
(4407349533; 5)
(4407353089; 6)
(4407354867; 5)
(4407356645; 6)
(4407374425; 5)
(4407376203; 6)
(4407377981; 5)
(4407388649; 6)
(4407404651; 5)
(4407521999; 6)
(4407584229; 5)
(4407586007; 6)
(4407587785; 5)
(4407591341; 6)
(4407747805; 5)
(4407751361; 6)
(4409724941; 5)
(4409728497; 6)
(4409730275; 5)
(4409812063; 6)
(4410139215; 5)
(4410146327; 6)
(4411528082; 5)
(4411531640; 6)
(4411538756; 5)
(4411540535; 6)
(4411700645; 5)
(4411709540; 6)
(4411713098; 5)
(4411716656; 6)
(4411718435; 5)
(4411723772; 6)
(4411725551; 5)
(4411750457; 6)
(4411818059; 5)
(4411821617; 6)
(4411823396; 5)
(4411825175; 6)
(4411828733; 5)
(4411830512; 6)
(4411839407; 5)
(4411850081; 6)
(4411851860; 5)
(4411855418; 6)
(4411857197; 5)
(4413662882; 6)
(4413668219; 5)
(4413669998; 6)
(4413671777; 5)
(4413673556; 6)
(4413696683; 5)
(4413702020; 6)
(4413707357; 5)
(4413710915; 6)
(4413714473; 5)
(4413716252; 6)
(4413718031; 5)
(4413719810; 6)
(4413853235; 5)
(4413913721; 6)
(4413933290; 5)
(4413942185; 6)
(4413967091; 5)
(4413981323; 6)
(4413983102; 5)
(4415436545; 6)
(4415438324; 5)
(4415441882; 6)
(4415481020; 5)
(4415482799; 6)
(4415495252; 5)
(4416415202; 6)
(4416422322; 5)
(4416424102; 6)
(4416530902; 5)
(4416671522; 6)
(4416687542; 5)
(4416692882; 6)
(4417766222; 5)
(4417768002; 6)
(4419046042; 5)
(4419070962; 6)
(4419076302; 5)
(4419106562; 6)
(4419110122; 5)
(4419111902; 6)
(4421609579; 5)
(4421613141; 6)
(4421616703; 5)
(4421618484; 6)
(4421625608; 5)
(4421632732; 6)
(4421645199; 5)
(4421821518; 6)
(4421842890; 5)
(4428403676; 6)
(4428405458; 5)
(4428409022; 6)
(4428425060; 5)
(4428426842; 6)
(4428437534; 5)
(4428464264; 6)
(4428466046; 5)
(4428473174; 6)
(4428482084; 5)
(4428505250; 6)
(4428508814; 5)
(4428510596; 6)
(4428551582; 5)
(4428558710; 6)
(4428560492; 5)
(4428594350; 6)
(4428713744; 5)
(4428720872; 6)
(4428726218; 5)
(4428728000; 6)
(4428735128; 5)
(4428736910; 6)
(4428740474; 5)
(4428745820; 6)
(4428749384; 5)
(4428761858; 6)
(4428767204; 5)
(4428770768; 6)
(4428772550; 5)
(4428777896; 6)
(4431797082; 5)
(4432711761; 6)
(4432724242; 5)
(4432727808; 6)
(4433482017; 5)
(4433483800; 6)
(4433487366; 5)
(4433489149; 6)
(4433490932; 5)
(4433496281; 6)
(4433499847; 5)
(4433531941; 6)
(4433546205; 5)
(4433556903; 6)
(4433558686; 5)
(4433569384; 6)
(4433571167; 5)
(4433572950; 6)
(4434022266; 5)
(4434025832; 6)
(4434027615; 5)
(4434031181; 6)
(4434054360; 5)
(4440072532; 6)
(4440076100; 5)
(4440077884; 6)
(4440101076; 5)
(4440102860; 6)
(4440127836; 5)
(4440145676; 6)
(4440311588; 5)
(4440315156; 6)
(4440447172; 5)
(4440527452; 6)
(4440536372; 5)
(4440539940; 6)
(4440541724; 5)
(4440563132; 6)
(4440564916; 5)
(4440566700; 6)
(4440568484; 5)
(4440591676; 6)
(4440604164; 5)
(4440616652; 6)
(4440618436; 5)
(4440622004; 6)
(4440630924; 5)
(4440688012; 6)
(4440695148; 5)
(4440755804; 6)
(4440757588; 5)
(4440759372; 6)
(4440762940; 5)
(4440791484; 6)
(4440823596; 5)
(4440837868; 6)
(4440850356; 5)
(4440852140; 6)
(4440907454; 5)
(4441771394; 6)
(4441773179; 5)
(4441780319; 6)
(4441783889; 5)
(4441923119; 6)
(4441939184; 5)
(4441942754; 6)
(4442644259; 5)
(4442646044; 6)
(4442772779; 5)
(4442974484; 6)
(4443563534; 5)
(4443567104; 6)
(4443568889; 5)
(4443577814; 6)
(4443618869; 5)
(4443624224; 6)
(4443626009; 5)
(4443647429; 6)
(4443695624; 5)
(4443697409; 6)
(4443699194; 5)
(4443720614; 6)
(4443722399; 5)
(4443725969; 6)
(4443743819; 5)
(4443747389; 6)
(4443775949; 5)
(4443781304; 6)
(4443827714; 5)
(4443836639; 6)
(4444268609; 5)
(4444279319; 6)
(4444290029; 5)
(4444291814; 6)
(4444293599; 5)
(4444295384; 6)
(4444300739; 5)
(4444311449; 6)
(4444316804; 5)
(4444325729; 6)
(4444443539; 5)
(4444479239; 6)
(4444481024; 5)
(4444531004; 6)
(4444577414; 5)
(4444579199; 6)
(4444580984; 5)
(4444588124; 6)
(4444591694; 5)
(4444595264; 6)
(4444598834; 5)
(4444600619; 6)
(4445123624; 5)
(4461528246; 4)
(4461538980; 5)
(4461540769; 4)
(4461542558; 5)
(4461558659; 4)
(4461571182; 5)
(4461581916; 4)
(4461583705; 5)
(4504151131; 6)
(4504170898; 5)
(4504187071; 6)
(4505214955; 5)
(4505222143; 6)
(4505231128; 5)
(4505234722; 6)
(4505297617; 5)
(4505299414; 6)
(4505313790; 5)
(4505315587; 6)
(4505322775; 5)
(4505324572; 6)
(4505326369; 5)
(4505329963; 6)
(4505331760; 5)
(4505355121; 6)
(4507392001; 5)
(4507535841; 6)
(4507537639; 5)
(4507544831; 6)
(4507546629; 5)
(4507548427; 6)
(4507553821; 5)
(4510308357; 6)
(4510338923; 5)
(4510364095; 6)
(4510378479; 5)
(4510401853; 6)
(4510403651; 5)
(4510405449; 6)
(4518503994; 7)
(4518615594; 6)
(4518619194; 7)
(4518768594; 6)
(4518775794; 7)
(4518898194; 6)
(4518930594; 7)
(4519002594; 6)
(4519004394; 7)
(4519142994; 6)
(4519450794; 7)
(4519529994; 6)
(4519594794; 7)
(4519605594; 6)
(4519607394; 7)
(4519616394; 6)
(4519618194; 7)
(4519898994; 6)
(4519900794; 7)
(4519904394; 6)
(4519960194; 7)
(4520323794; 6)
(4520350794; 7)
(4520361594; 6)
(4520365194; 7)
(4520431794; 6)
(4520442594; 7)
(4520444394; 6)
(4520449794; 7)
(4520453394; 6)
(4520615394; 7)
(4520620794; 6)
(4520622594; 7)
(4520624394; 6)
(4520626194; 7)
(4520633394; 6)
(4520698194; 7)
(4520699994; 6)
(4520701794; 7)
(4520703594; 6)
(4520880005; 7)
(4520881806; 6)
(4520903418; 7)
(4520905219; 6)
(4520914224; 7)
(4520925030; 6)
(4521436514; 7)
(4521463529; 6)
(4521465330; 7)
(4521704863; 6)
(4521713868; 7)
(4521715669; 6)
(4521717470; 7)
(4521728276; 6)
(4521731878; 7)
(4521733679; 6)
(4521758893; 7)
(4521823729; 6)
(4522297392; 7)
(4522311800; 6)
(4522317203; 7)
(4522358626; 6)
(4522373034; 7)
(4522382039; 6)
(4522396447; 7)
(4522400049; 6)
(4522401850; 7)
(4522407253; 6)
(4522409054; 7)
(4522410855; 6)
(4522419860; 7)
(4522428865; 6)
(4522432467; 7)
(4522605363; 6)
(4522644985; 7)
(4522646786; 6)
(4522648587; 7)
(4522650388; 6)
(4522653990; 7)
(4522657592; 6)
(4522659393; 7)
(4522677403; 6)
(4536240605; 7)
(4536271273; 6)
(4536359669; 7)
(4536455281; 6)
(4536457085; 7)
(4536460693; 6)
(4536466105; 7)
(4536586973; 6)
(4536601405; 7)
(4536808865; 6)
(4537025345; 7)
(4537028953; 6)
(4537030757; 7)
(4537032561; 6)
(4537068641; 7)
(4537072249; 6)
(4537734317; 7)
(4537905697; 6)
(4538721105; 7)
(4538728321; 6)
(4538764401; 7)
(4541907492; 6)
(4541912907; 7)
(4541945397; 6)
(4541947202; 7)
(4541949007; 6)
(4541967057; 7)
(4541976082; 6)
(4541977887; 7)
(4541979692; 6)
(4541986912; 7)
(4541990522; 6)
(4541992327; 7)
(4542008572; 6)
(4542013987; 7)
(4542149362; 6)
(4542151167; 7)
(4542165607; 6)
(4542169217; 7)
(4542171022; 6)
(4542172827; 7)
(4542217952; 6)
(4542219757; 7)
(4542228782; 6)
(4542245027; 7)
(4542282932; 6)
(4542284737; 7)
(4542311812; 6)
(4542353327; 7)
(4542945367; 6)
(4542948977; 7)
(4542959807; 6)
(4543041032; 7)
(4543044642; 6)
(4544494057; 7)
(4544497667; 6)
(4544501277; 7)
(4544519327; 6)
(4544679972; 7)
(4544770222; 6)
(4558777243; 5)
(4558788091; 6)
(4558795323; 5)
(4558829675; 6)
(4558844139; 5)
(4558845947; 6)
(4558847755; 5)
(4558889339; 6)
(4558900187; 5)
(4558920075; 6)
(4558939963; 5)
(4558970699; 6)
(4558972507; 5)
(4558974315; 6)
(4558979739; 5)
(4558986971; 6)
(4559046635; 5)
(4559399195; 6)
(4559402811; 5)
(4559406427; 6)
(4570384832; 5)
(4570386642; 6)
(4576348056; 5)
(4576445904; 6)
(4576447716; 5)
(4577480556; 6)
(4577504112; 5)
(4577513172; 6)
(4577514984; 5)
(4577525856; 6)
(4577534916; 5)
(4577881008; 6)
(4578100260; 5)
(4578102072; 6)
(4578103884; 5)
(4578111132; 6)
(4578112944; 5)
(4578114756; 6)
(4578120192; 5)
(4578134688; 6)
(4578136500; 5)
(4587138538; 6)
(4587165748; 5)
(4587171190; 6)
(4587260076; 5)
(4587274588; 6)
(4587299984; 5)
(4587301798; 6)
(4587307240; 5)
(4587630132; 6)
(4587637388; 5)
(4587896790; 6)
(4587920372; 5)
(4587972978; 6)
(4587978420; 5)
(4598274007; 6)
(4598279455; 5)
(4598310327; 6)
(4598312143; 5)
(4598313959; 6)
(4598317591; 5)
(4598319407; 6)
(4598321223; 5)
(4599873903; 6)
(4599877535; 5)
(4599879351; 6)
(4599951991; 5)
(4599971967; 6)
(4599973783; 5)
(4599986495; 6)
(4599991943; 5)
(4600013735; 6)
(4600015551; 5)
(4600020999; 6)
(4600188071; 5)
(4600197151; 6)
(4600202599; 5)
(4600209863; 6)
(4600298847; 5)
(4600302479; 6)
(4600306111; 5)
(4600311559; 6)
(4602756563; 5)
(4602762014; 6)
(4602765648; 5)
(4602785635; 6)
(4602792903; 5)
(4602847413; 6)
(4602851047; 5)
(4602854681; 6)
(4602858315; 5)
(4603016394; 6)
(4603021845; 5)
(4603054551; 6)
(4603061819; 5)
(4603063636; 6)
(4603074538; 5)
(4603116329; 6)
(4603123597; 5)
(4603136316; 6)
(4603138133; 5)
(4603139950; 6)
(4603143584; 5)
(4603145401; 6)
(4603150852; 5)
(4603163571; 6)
(4603185375; 5)
(4603189009; 6)
(4603230800; 5)
(4603267140; 6)
(4603272591; 5)
(4603316199; 6)
(4603319833; 5)
(4603336186; 6)
(4603338003; 5)
(4603339820; 6)
(4603368892; 5)
(4603370709; 6)
(4603372526; 5)
(4603377977; 6)
(4603383428; 5)
(4603394330; 6)
(4603408866; 5)
(4603463376; 6)
(4603465193; 5)
(4603534239; 6)
(4603536056; 5)
(4603581481; 6)
(4603583298; 5)
(4603590566; 6)
(4603603285; 5)
(4603610553; 6)
(4603612370; 5)
(4603628723; 6)
(4603688684; 5)
(4603692318; 6)
(4603694135; 5)
(4603695952; 6)
(4603763181; 5)
(4603764998; 6)
(4603861299; 5)
(4603890371; 6)
(4603892188; 5)
(4603895822; 6)
(4603899456; 5)
(4603904907; 6)
(4603912175; 5)
(4603913992; 6)
(4603917626; 5)
(4603977587; 6)
(4603979404; 5)
(4604224699; 6)
(4604228333; 5)
(4604230150; 6)
(4604237418; 5)
(4604239235; 6)
(4604250137; 5)
(4604400948; 6)
(4604406399; 5)
(4604411850; 6)
(4604417301; 5)
(4604455458; 6)
(4604549942; 5)
(4605353056; 6)
(4605356690; 5)
(4605374860; 6)
(4605378494; 5)
(4605383945; 6)
(4605427553; 5)
(4606963113; 6)
(4606964931; 5)
(4606966749; 6)
(4606970385; 5)
(4606974021; 6)
(4606984929; 5)
(4607003109; 6)
(4607023107; 5)
(4617753197; 4)
(4617755017; 5)
(4617756837; 4)
(4617760477; 5)
(4617762297; 4)
(4617764117; 5)
(4617767757; 4)
(4617771397; 5)
(4617820537; 4)
(4617836917; 5)
(4617896977; 4)
(4617898797; 5)
(4617907897; 4)
(4617986157; 5)
(4618058957; 4)
(4618060777; 5)
(4618073517; 4)
(4618077157; 5)
(4618078977; 4)
(4618102637; 5)
(4618286457; 4)
(4618288277; 5)
(4618301017; 4)
(4618304657; 5)
(4618310117; 4)
(4618339237; 5)
(4618379277; 4)
(4618382917; 5)
(4618406577; 4)
(4618408397; 5)
(4618410217; 4)
(4618417497; 5)
(4618419317; 4)
(4618421137; 5)
(4618925277; 4)
(4618928917; 5)
(4619908077; 4)
(4619913537; 5)
(4619920817; 4)
(4619928097; 5)
(4619929917; 4)
(4619931737; 5)
(4619962677; 4)
(4619966317; 5)
(4619980877; 4)
(4619986337; 5)
(4620031837; 4)
(4620033657; 5)
(4620037297; 4)
(4620040937; 5)
(4620042757; 4)
(4620053677; 5)
(4620210197; 4)
(4620215657; 5)
(4620244777; 4)
(4620248417; 5)
(4620252057; 4)
(4620253877; 5)
(4620277537; 4)
(4627211224; 5)
(4627213046; 4)
(4627216690; 5)
(4627218512; 4)
(4627238554; 5)
(4627240376; 4)
(4627245842; 5)
(4627256774; 4)
(4627262240; 5)
(4627269528; 4)
(4627271350; 5)
(4627280460; 4)
(4627282282; 5)
(4627289570; 4)
(4627291392; 5)
(4627295036; 4)
(4627296858; 5)
(4627356984; 4)
(4627358806; 5)
(4627360628; 4)
(4627362450; 5)
(4627366094; 4)
(4627377026; 5)
(4627378848; 4)
(4627380670; 5)
(4627409822; 4)
(4627415288; 5)
(4627418932; 4)
(4627444440; 5)
(4627446262; 4)
(4627451728; 5)
(4628133156; 4)
(4662106873; 3)
(4662132465; 4)
(4663280863; 3)
(4695832743; 4)
(4695834578; 3)
(4695854763; 4)
(4695871278; 3)
(4695873113; 4)
(4695874948; 3)
(4695900638; 4)
(4695902473; 3)
(4695904308; 4)
(4695906143; 3)
(4695915318; 4)
(4695920823; 3)
(4696234608; 4)
(4696240113; 3)
(4696267638; 4)
(4696269473; 3)
(4696282318; 4)
(4696287823; 3)
(4696295163; 4)
(4696296998; 3)
(4696326358; 4)
(4696339203; 3)
(4696342873; 4)
(4696394253; 3)
(4696403428; 4)
(4696414438; 3)
(4696416273; 4)
(4696419943; 3)
(4696519033; 4)
(4696520868; 3)
(4696581423; 4)
(4696819973; 3)
(4696821808; 4)
(4696823643; 3)
(4696880528; 4)
(4696882363; 3)
(4696889703; 4)
(4696891538; 3)
(4696898878; 4)
(4696920898; 3)
(4696922733; 4)
(4696972278; 3)
(4696974113; 4)
(4696975948; 3)
(4696990628; 4)
(4697019988; 3)
(4697109903; 4)
(4697163118; 3)
(4697188808; 4)
(4697227343; 3)
(4697500758; 4)
(4697509933; 3)
(4697530118; 4)
(4697550303; 3)
(4698818581; 4)
(4698824089; 3)
(4698829597; 4)
(4698831433; 3)
(4698849793; 4)
(4698855301; 3)
(4698864481; 4)
(4698882841; 3)
(4698884677; 4)
(4698886513; 3)
(4698914053; 4)
(4698934249; 3)
(4698936085; 4)
(4699474033; 3)
(4699496065; 4)
(4699499737; 3)
(4699501573; 4)
(4699503409; 3)
(4699597045; 4)
(4699598881; 3)
(4699683337; 4)
(4700408557; 3)
(4750265699; 4)
(4750269391; 3)
(4760059847; 4)
(4760069087; 3)
(4760070935; 4)
(4763277215; 3)
(4763279063; 4)
(4763280911; 3)
(4763282759; 4)
(4763306783; 3)
(4763308631; 4)
(4763310479; 3)
(4763312327; 4)
(4764286223; 3)
(4764288071; 4)
(4764289919; 3)
(4764291767; 4)
(4764293615; 3)
(4764313943; 4)
(4764635495; 3)
(4764652127; 4)
(4764781487; 3)
(4764785183; 4)
(4764787031; 3)
(4764788879; 4)
(4764792575; 3)
(4764794423; 4)
(4764899759; 3)
(4764903455; 4)
(4764920087; 3)
(4765021727; 4)
(4765025423; 3)
(4765027271; 4)
(4765029119; 3)
(4765034663; 4)
(4765071635; 3)
(4765182575; 4)
(4765201065; 3)
(4765210310; 4)
(4765212159; 3)
(4765434039; 4)
(4765435888; 3)
(4765448831; 4)
(4765456227; 3)
(4765692899; 4)
(4765720634; 3)
(4765724332; 4)
(4765726181; 3)
(4766515704; 4)
(4766521251; 3)
(4766524949; 4)
(4766526798; 3)
(4766539741; 4)
(4766672869; 3)
(4766674718; 4)
(4766676567; 3)
(4766678416; 4)
(4766680265; 3)
(4766682114; 4)
(4766693208; 3)
(4766696906; 4)
(4766709849; 3)
(4767314472; 4)
(4767316321; 3)
(4767318170; 4)
(4767325566; 3)
(4767360697; 4)
(4767364395; 3)
(4767393979; 4)
(4767395828; 3)
(4767397677; 4)
(4768105844; 3)
(4768109542; 4)
(4768111391; 3)
(4768126183; 4)
(4768129881; 3)
(4768131730; 4)
(4768133579; 3)
(4768137277; 4)
(4768268556; 3)
(4768277801; 4)
(4768296291; 3)
(4768305536; 4)
(4770319159; 3)
(4770324709; 4)
(4770326559; 3)
(4770330259; 4)
(4770333959; 3)
(4770335809; 4)
(4770524509; 3)
(4770526359; 4)
(4770550409; 3)
(4770563359; 4)
(4770565209; 3)
(4770574459; 4)
(4770576309; 3)
(4770613309; 4)
(4770617009; 3)
(4770620709; 4)
(4770622559; 3)
(4770633659; 4)
(4770644759; 3)
(4770646609; 4)
(4770648459; 3)
(4770659559; 4)
(4770663259; 3)
(4770672509; 4)
(4770678059; 3)
(4771795459; 4)
(4772246859; 3)
(4772853659; 4)
(4772855509; 3)
(4772886959; 4)
(4772896209; 3)
(4772899909; 4)
(4772912859; 3)
(4772914709; 4)
(4772920259; 3)
(4772927659; 4)
(4772931359; 3)
(4772936909; 4)
(4773031259; 3)
(4773236609; 4)
(4773242159; 3)
(4773308759; 4)
(4773310609; 3)
(4773319859; 4)
(4773330959; 3)
(4773334659; 4)
(4773617709; 3)
(4773634359; 4)
(4773651009; 3)
(4773658409; 4)
(4773667659; 3)
(4774202309; 4)
(4774204159; 3)
(4774333659; 4)
(4774339209; 3)
(4774354009; 4)
(4774355859; 3)
(4786931436; 4)
(4786935142; 3)
(4786936995; 4)
(4786940701; 3)
(4786974055; 4)
(4786977761; 3)
(4786979614; 4)
(4787020380; 3)
(4787022233; 4)
(4787051881; 3)
(4787055587; 4)
(4787074117; 3)
(4787122295; 4)
(4787176032; 3)
(4787183444; 4)
(4787213092; 3)
(4787220504; 4)
(4787229769; 3)
(4787231622; 4)
(4787233475; 3)
(4787261270; 4)
(4787264976; 3)
(4787276094; 4)
(4787279800; 3)
(4787344655; 4)
(4787350214; 3)
(4787359479; 4)
(4787418775; 3)
(4787420628; 4)
(4787437305; 3)
(4787441011; 4)
(4787448423; 3)
(4787995058; 4)
(4788030265; 3)
(4788041383; 4)
(4788043236; 3)
(4788050648; 4)
(4788313774; 3)
(4788319333; 4)
(4788767759; 3)
(4788769612; 4)
(4788869674; 3)
(4788878939; 4)
(4788880792; 3)
(4788882645; 4)
(4788884498; 3)
(4788897469; 4)
(4788899322; 3)
(4788912293; 4)
(4788915999; 3)
(4788919705; 4)
(4788921558; 3)
(4789195802; 4)
(4789201361; 3)
(4789206920; 4)
(4789214332; 3)
(4789757261; 4)
(4789760967; 3)
(4789781350; 4)
(4789809145; 3)
(4789927737; 4)
(4789977768; 3)
(4789983327; 4)
(4789988886; 3)
(4790485490; 4)
(4790492902; 3)
(4790498461; 4)
(4790500314; 3)
(4790509579; 4)
(4790516991; 3)
(4790641142; 4)
(4790652260; 3)
(4790654113; 4)
(4790657819; 3)
(4790661525; 4)
(4790665231; 3)
(4792988190; 4)
(4792993752; 3)
(4792997460; 4)
(4793001168; 3)
(4793003022; 4)
(4793004876; 3)
(4793017854; 4)
(4793036394; 3)
(4793038248; 4)
(4793060496; 3)
(4793077182; 4)
(4793080890; 3)
(4793084598; 4)
(4793097576; 3)
(4793099430; 4)
(4793101284; 3)
(4793103138; 4)
(4794195144; 3)
(4794196998; 4)
(4794209976; 3)
(4794219246; 4)
(4794247056; 3)
(4794260034; 4)
(4794261888; 3)
(4794267450; 4)
(4794276720; 3)
(4794285990; 4)
(4794436164; 3)
(4794438018; 4)
(4794460266; 3)
(4794463974; 4)
(4794527010; 3)
(4794528864; 4)
(4794534426; 3)
(4794539988; 4)
(4794636396; 3)
(4794864438; 4)
(4794866292; 3)
(4795038714; 4)
(4795042422; 3)
(4795044276; 4)
(4795047984; 3)
(4795049838; 4)
(4795057254; 3)
(4795060962; 4)
(4795064670; 3)
(4795070232; 4)
(4795073940; 3)
(4795537440; 4)
(4795539294; 3)
(4795546710; 4)
(4795548564; 3)
(4795550418; 4)
(4795691322; 3)
(4796475807; 4)
(4796570412; 3)
(4796772607; 4)
(4796774462; 3)
(4796939557; 4)
(4796969237; 3)
(4796971092; 4)
(4797028597; 3)
(4797041582; 4)
(4797119492; 3)
(4816113730; 2)
(4816119304; 3)
(4816147174; 2)
(4816149032; 3)
(4816154606; 2)
(4816156464; 3)
(4816223352; 2)
(4816227068; 3)
(4816234500; 2)
(4816245648; 3)
(4816260512; 2)
(4816262370; 3)
(4816264228; 2)
(4816368276; 3)
(4816379424; 2)
(4816381282; 3)
(4816453744; 2)
(4816461176; 3)
(4816463034; 2)
(4816466750; 3)
(4816470466; 2)
(4816481614; 3)
(4816483472; 2)
(4816485330; 3)
(4816502052; 2)
(4816505768; 3)
(4816507626; 2)
(4816509484; 3)
(4816615390; 2)
(4816635828; 3)
(4816639544; 2)
(4816656266; 3)
(4816658124; 2)
(4820022875; 3)
(4820032170; 2)
(4820035888; 3)
(4820082363; 2)
(4820160441; 3)
(4820175313; 2)
(4820177172; 3)
(4820182749; 2)
(4820242237; 3)
(4820264545; 2)
(4820268263; 3)
(4820537818; 2)
(4820539677; 3)
(4822562617; 2)
(4822703977; 3)
(4822709557; 2)
(4822711417; 3)
(4822715137; 2)
(4824790897; 3)
(4824794617; 2)
(4824796477; 3)
(4824883897; 2)
(4824952717; 3)
(4825110817; 2)
(4825112677; 3)
(4825125697; 2)
(4825127557; 3)
(4825142437; 2)
(4825162897; 3)
(4825172197; 2)
(4825183357; 3)
(4825185217; 2)
(4825187077; 3)
(4825218697; 2)
(4825220557; 3)
(4825246597; 2)
(4825274497; 3)
(4825276357; 2)
(4825287517; 3)
(4825289377; 2)
(4825296817; 3)
(4825320997; 2)
(4825324717; 3)
(4825326577; 2)
(4825330297; 3)
(4825343317; 2)
(4825345177; 3)
(4825348897; 2)
(4849285285; 1)
(4849289015; 2)
(4849303935; 1)
(4849305800; 2)
(4849309530; 1)
(4849311395; 2)
(4849316990; 1)
(4849318855; 2)
(4849322585; 1)
(4849324450; 2)
(4849326315; 1)
(4849331910; 2)
(4849341235; 1)
(4849344965; 2)
(4849346830; 1)
(4849361750; 2)
(4849391590; 1)
(4849395320; 2)
(4849397185; 1)
(4849399050; 2)
(4849417700; 1)
(4849434485; 2)
(4849499760; 1)
(4850833235; 2)
(4850836965; 1)
(4850844425; 2)
(4850846290; 1)
(4850851885; 2)
(4850855615; 1)
(4850863075; 2)
(4850866805; 1)
(4850868670; 2)
(4850872400; 1)
(4850883590; 2)
(4850963785; 1)
(4850969380; 2)
(4851053305; 1)
(4851055170; 2)
(4851057035; 1)
(4851060765; 2)
(4851077550; 1)
(4851088740; 2)
(4851096200; 1)
(4851098065; 2)
(4851099930; 1)
(4851103660; 2)
(4851812360; 1)
(4851825415; 2)
(4851827280; 1)
(4851831010; 2)
(4851849660; 1)
(4851851525; 2)
(4851858985; 1)
(4853765386; 2)
(4854024760; 1)
(4854028492; 2)
(4854032224; 1)
(4854037822; 2)
(4854067678; 1)
(4854075142; 2)
(4854179638; 1)
(4854185236; 2)
(4854465136; 1)
(4858383793; 2)
(4866080958; 1)
(4866084694; 2)
(4866189302; 1)
(4866392914; 2)
(4866396650; 1)
(4866398518; 2)
(4866402254; 1)
(4866437746; 2)
(4866445218; 1)
(4866448954; 2)
(4866452690; 1)
(4866607734; 2)
(4866609602; 1)
(4866613338; 2)
(4866617074; 1)
(4866618942; 2)
(4866620810; 1)
(4866622678; 2)
(4866628282; 1)
(4866633886; 2)
(4874806405; 1)
(4898503421; 0)
(4898510917; 1)
(4898516539; 0)
(4898518413; 1)
(4898561515; 0)
(4898690821; 1)
(4898694569; 0)
(4898698317; 1)
(4898702065; 0)
(4898711435; 1)
(4898713309; 0)
(4900330747; 1)
(4900332622; 0)
(4900351372; 1)
(4900482622; 0)
(4900486372; 1)
(4900488247; 0)
(4900505122; 1)
(4900508872; 0)
(4900510747; 1)
(4900512622; 0)
(4900514497; 1)
(4900516372; 0)
(4900518247; 1)
(4902113872; 0)
(4902282622; 1)
(4902305122; 0)
(4902320122; 1)
(4902466372; 0)
(4902483247; 1)
(4902498247; 0)
(4902501997; 1)
(4902503872; 0)
(4902505747; 1)
(4902507622; 0)
(4903461997; 1)
(4903478872; 0)
(4903527622; 1)
(4903557622; 0)
(4903559497; 1)
(4903561372; 0)
(4903585747; 1)
(4903589497; 0)
(4903591372; 1)
(4903596997; 0)
(4903610122; 1)
(4903641997; 0)
(4903730122; 1)
(4903731997; 0)
(4903733872; 1)
(4903739497; 0)
(4903741372; 1)
(4903748872; 0)
(4903840747; 1)
(4903842622; 0)
(4903848247; 1)
(4903853872; 0)
(4903855747; 1)
(4903857622; 0)
(4903859497; 1)
(4903861372; 0)
(4903868872; 1)
(4904142622; 0)
(4904172622; 1)
(4904185747; 0)
(4904187622; 1)
(4904198872; 0)
(4904200747; 1)
(4904202622; 0)
(4904210122; 1)
(4904213872; 0)
(4904215747; 1)
(4904217622; 0)
(4904219497; 1)
(4904243872; 0)
(4910130235; 1)
(4910141491; 0)
(4910143367; 1)
(4910231539; 0)
(4910235291; 1)
(4910270935; 0)
(4910282191; 1)
(4910285943; 0)
(4910556138; 1)
(4910558015; 0)
(4910559892; 1)
(4910561769; 0)
(4910573031; 1)
(4910576785; 0)
(4910578662; 1)
(4910603063; 0)
(4910604940; 1)
(4934744454; 2)
(4934746335; 1)
(4934985222; 2)
(4934996508; 1)
(4935000270; 2)
(4935002151; 1)
(4935045414; 2)
(4935047295; 1)
(4936179657; 2)
(4936183419; 1)
(4936194705; 2)
(4936196586; 1)
(4936301922; 2)
(4936307565; 1)
(4936318851; 2)
(4936958552; 1)
(4936966080; 2)
(4937564556; 1)
(4937587140; 2)
(4937589022; 1)
(4937596550; 2)
(4943260209; 1)
(4943263975; 2)
(4943267741; 1)
(4944011526; 2)
(4944030356; 1)
(4944039771; 2)
(4944043537; 1)
(4958641059; 2)
(4959035233; 1)
(4959114445; 2)
(4959116331; 1)
(4959120103; 2)
(4959138963; 1)
(4959154051; 2)
(4959167253; 1)
(4959171025; 2)
(4959174797; 1)
(4959176683; 2)
(4959631209; 1)
(4959633095; 2)
(4959634981; 1)
(4959638753; 2)
(4959640639; 1)
(4959948057; 2)
(4959949943; 1)
(4959951829; 2)
(4959955601; 1)
(4959957487; 2)
(4959959373; 1)
(4959963145; 2)
(4959978233; 1)
(4959995207; 2)
