(17000000001; 4)
(17004780549; 5)
(17004836421; 4)
(17004839913; 5)
(17004857373; 4)
(17004860865; 5)
(17004965625; 4)
(17004979593; 5)
(17004990069; 4)
(17004993561; 5)
(17005471965; 4)
(17005475457; 5)
(17005499901; 4)
(17005510377; 5)
(17075327217; 4)
(17075330717; 5)
(17075442717; 4)
(17075446217; 5)
(17075488217; 4)
(17075491717; 5)
(17075551217; 4)
(17075558217; 5)
(17075579217; 4)
(17075600217; 5)
(17075708717; 4)
(17075915217; 5)
(17075918717; 4)
(17075929217; 5)
(17075953717; 4)
(17075964217; 5)
(17077595217; 4)
(17077612717; 5)
(17077616217; 4)
(17077626717; 5)
(17077633717; 4)
(17077798217; 5)
(17080895717; 4)
(17080899217; 5)
(17081004217; 4)
(17081014717; 5)
(17081056717; 4)
(17081060217; 5)
(17081067217; 4)
(17081070717; 5)
(17081077717; 4)
(17081123217; 5)
(17081126717; 4)
(17081130217; 5)
(17081182717; 4)
(17081189717; 5)
(17081193217; 4)
(17081200217; 5)
(17081445217; 4)
(17081497717; 5)
(17081529217; 4)
(17081532717; 5)
(17081557217; 4)
(17081571217; 5)
(17081581717; 4)
(17081984217; 5)
(17081987717; 4)
(17081998217; 5)
(17082005217; 4)
(17082033217; 5)
(17082047217; 4)
(17082050717; 5)
(17082071717; 4)
(17082085717; 5)
(17082173217; 4)
(17082176717; 5)
(17082666717; 4)
(17082701717; 5)
(17082719217; 4)
(17082722717; 5)
(17082729717; 4)
(17082733217; 5)
(17082740217; 4)
(17083352717; 5)
(17083524217; 4)
(17083531217; 5)
(17083548720; 4)
(17083727271; 5)
(17083730772; 4)
(17083748277; 5)
(17083776285; 4)
(17083786788; 5)
(17083797291; 4)
(17083800792; 5)
(17083804293; 4)
(17083839303; 5)
(17083842804; 4)
(17083867311; 5)
(17086633101; 4)
(17101770343; 3)
(17101794857; 4)
(17101969957; 3)
(17102025989; 4)
(17102029491; 3)
(17102039997; 4)
(17128921117; 3)
(17128924622; 4)
(17129138427; 3)
(17129141932; 4)
(17129169972; 3)
(17129285637; 4)
(17129289142; 3)
(17129292647; 4)
(17129348727; 3)
(17129373262; 4)
(17129376767; 3)
(17129418827; 4)
(17129425837; 3)
(17129460887; 4)
(17129478412; 3)
(17129485422; 4)
(17129488927; 3)
(17130007667; 4)
(17130011172; 3)
(17130053232; 4)
(17130077767; 3)
(17130081272; 4)
(17130102302; 3)
(17130105807; 4)
(17130126837; 3)
(17131146792; 4)
(17131150297; 3)
(17131258952; 4)
(17131283487; 3)
(17131286992; 4)
(17131381627; 3)
(17131392142; 4)
(17131409667; 3)
(17131420182; 4)
(17131630482; 3)
(17131637492; 4)
(17131644502; 3)
(17131672542; 4)
(17131676047; 3)
(17131683057; 4)
(17131690067; 3)
(17131697077; 4)
(17131742642; 3)
(17131746147; 4)
(17131823257; 3)
(17131840782; 4)
(17131868822; 3)
(17131907377; 4)
(17132037062; 3)
(17132044072; 4)
(17132051082; 3)
(17132089637; 4)
(17132093142; 3)
(17132110667; 4)
(17132121182; 3)
(17132485735; 4)
(17132496253; 3)
(17132503265; 4)
(17132510277; 3)
(17132517289; 4)
(17132618963; 3)
(17132622469; 4)
(17132643505; 3)
(17133607655; 4)
(17133632197; 3)
(17133646221; 4)
(17133649727; 3)
(17133653233; 4)
(17133698811; 3)
(17133709329; 4)
(17133712835; 3)
(17134487661; 4)
(17134494673; 3)
(17134529733; 4)
(17134613877; 3)
(17134873321; 4)
(17134880333; 3)
(17135118741; 4)
(17135181849; 3)
(17135188861; 4)
(17135192367; 3)
(17135234439; 4)
(17185881505; 3)
(17185958747; 4)
(17185972791; 3)
(17186014923; 4)
(17186021945; 3)
(17186032478; 4)
(17186043011; 3)
(17186050033; 4)
(17186071099; 3)
(17186078121; 4)
(17186085143; 3)
(17186179940; 4)
(17186193984; 3)
(17186211539; 4)
(17186734678; 3)
(17187096311; 4)
(17187823088; 3)
(17187830110; 4)
(17187833621; 3)
(17188634129; 4)
(17188735948; 3)
(17188739459; 4)
(17188757014; 3)
(17188760525; 4)
(17188764036; 3)
(17188767547; 4)
(17188771058; 3)
(17188792124; 4)
(17188799146; 3)
(17188816701; 4)
(17189062471; 3)
(17189076515; 4)
(17189080026; 3)
(17189083537; 4)
(17189087048; 3)
(17189108114; 4)
(17189115136; 3)
(17189118647; 4)
(17189122158; 3)
(17189146735; 4)
(17189150246; 3)
(17189206422; 4)
(17189213444; 3)
(17189216955; 4)
(17189230999; 3)
(17189234510; 4)
(17189245043; 3)
(17189248554; 4)
(17189322285; 3)
(17189420593; 4)
(17189424104; 3)
(17189427615; 4)
(17189431126; 3)
(17189455703; 4)
(17189490813; 3)
(17189494324; 4)
(17189497835; 3)
(17189501346; 4)
(17189539967; 3)
(17189543478; 4)
(17189550500; 3)
(17189557522; 4)
(17189575077; 3)
(17189582099; 4)
(17189599654; 3)
(17189775204; 4)
(17189792759; 3)
(17189817336; 4)
(17189999908; 3)
(17190003419; 4)
(17190017463; 3)
(17190020974; 4)
(17190035018; 3)
(17190052573; 4)
(17190077150; 3)
(17190147370; 4)
(17190157903; 3)
(17190161414; 4)
(17190354519; 3)
(17190459849; 4)
(17190842548; 3)
(17191804775; 4)
(17191857455; 3)
(17191860967; 4)
(17191917159; 3)
(17191920671; 4)
(17191941743; 3)
(17191945255; 4)
(17191987399; 3)
(17191990911; 4)
(17192004959; 3)
(17192011983; 4)
(17192033055; 3)
(17206591930; 4)
(17206605982; 3)
(17206634086; 4)
(17206637599; 3)
(17206669216; 4)
(17206750015; 3)
(17206788658; 4)
(17335700209; 3)
(17335703735; 4)
(17335749573; 3)
(17335753099; 4)
(17335763677; 3)
(17335781307; 4)
(17335788359; 3)
(17335968185; 4)
(17335982289; 3)
(17335989341; 4)
(17335992867; 3)
(17339356993; 4)
(17340139987; 3)
(17340147041; 4)
(17340150568; 3)
(17340171730; 4)
(17340175257; 3)
(17340178784; 4)
(17340189365; 3)
(17343910350; 4)
(17344076119; 3)
(17344079646; 4)
(17344107862; 3)
(17359835120; 4)
(17359838649; 3)
(17359852765; 4)
(17359930403; 3)
(17359979809; 4)
(17359986867; 3)
(17360008041; 4)
(17360011570; 3)
(17360018628; 4)
(17360484456; 3)
(17360487985; 4)
(17360491514; 3)
(17360495043; 4)
(17360576210; 3)
(17360636203; 4)
(17360646790; 3)
(17360650319; 4)
(17360685609; 3)
(17360699725; 4)
(17360752660; 3)
(17360784421; 4)
(17360787950; 3)
(17360795008; 4)
(17360805595; 3)
(17360809124; 4)
(17360816182; 3)
(17360830298; 4)
(17360833827; 3)
(17360837356; 4)
(17360840885; 3)
(17360844414; 4)
(17360883233; 3)
(17365040395; 4)
(17365047453; 3)
(17365050982; 4)
(17365068627; 3)
(17366236726; 4)
(17366240255; 3)
(17366268487; 4)
(17366332009; 3)
(17366346125; 4)
(17366349654; 3)
(17366356712; 4)
(17366360241; 3)
(17366367299; 4)
(17366377886; 3)
(17366381415; 4)
(17366392002; 3)
(17366434350; 4)
(17366441408; 3)
(17366444937; 4)
(17368248404; 3)
(17368251934; 4)
(17368308414; 3)
(17368311944; 4)
(17368319004; 3)
(17368322534; 4)
(17368389604; 3)
(17368576694; 4)
(17368583754; 3)
(17368587284; 4)
(17368597874; 3)
(17368664944; 4)
(17368672004; 3)
(17368675534; 4)
(17368679064; 3)
(17375661404; 4)
(17375710824; 3)
(17375717884; 4)
(17375721414; 3)
(17375724944; 4)
(17375728474; 3)
(17377115764; 4)
(17377147534; 3)
(17377468764; 4)
(17377518184; 3)
(17377525244; 4)
(17377528774; 3)
(17377535834; 4)
(17377546424; 3)
(17377553484; 4)
(17377560544; 3)
(17377588790; 4)
(17377606445; 3)
(17377609976; 4)
(17377613507; 3)
(17377977200; 4)
(17377991324; 3)
(17377994855; 4)
(17378008979; 3)
(17378061944; 4)
(17378065475; 3)
(17378072537; 4)
(17378090192; 3)
(17378097254; 4)
(17378100785; 3)
(17378803454; 4)
(17378881136; 3)
(17378919977; 4)
(17378948225; 3)
(17378951756; 4)
(17378955287; 3)
(17379057686; 4)
(17379061217; 3)
(17379075341; 4)
(17379124775; 3)
(17379153023; 4)
(17379156554; 3)
(17379184802; 4)
(17379191864; 3)
(17379202457; 4)
(17379241298; 3)
(17379244829; 4)
(17379258953; 3)
(17379343697; 4)
(17379350759; 3)
(17379361352; 4)
(17379364883; 3)
(17379513185; 4)
(17379580274; 3)
(17379583805; 4)
(17379587336; 3)
(17379654425; 4)
(17445911099; 5)
(17445918173; 4)
(17445925247; 5)
(17445932321; 4)
(17445939395; 5)
(17445942932; 4)
(17445971228; 5)
(17445985376; 4)
(17445992450; 5)
(17445999524; 4)
(17446003061; 5)
(17446406279; 4)
(17446515926; 5)
(17446519463; 4)
(17447683460; 5)
(17447768372; 4)
(17447771910; 5)
(17447789600; 4)
(17447814366; 5)
(17447821442; 4)
(17448642258; 5)
(17448649334; 4)
(17448652872; 5)
(17448663486; 4)
(17448677638; 5)
(17448688252; 4)
(17448953602; 5)
(17448957140; 4)
(17448978368; 5)
(17448985444; 4)
(17448988982; 5)
(17449222490; 4)
(17449233104; 5)
(17449240180; 4)
(17449243718; 5)
(17449257870; 4)
(17449268484; 5)
(17449310940; 4)
(17450750906; 5)
(17450754444; 4)
(17450757982; 5)
(17450761520; 4)
(17451009180; 5)
(17451030408; 4)
(17451044560; 5)
(17451094092; 4)
(17451168390; 5)
(17452024586; 4)
(17452028124; 5)
(17452049352; 4)
(17452127188; 5)
(17452134264; 4)
(17452137802; 5)
(17452151954; 4)
(17452155492; 5)
(17452159030; 4)
(17452197948; 5)
(17526111854; 6)
(17526150860; 5)
(17526157952; 6)
(17526200504; 5)
(17526204050; 6)
(17526235964; 5)
(17526239510; 6)
(17526278516; 5)
(17526317522; 6)
(17526328160; 5)
(17526331706; 6)
(17558583169; 5)
(17558586718; 6)
(17559186499; 5)
(17559268126; 6)
(17559442027; 5)
(17559445576; 6)
(17559449125; 5)
(17559473968; 6)
(17559477517; 5)
(17559484615; 6)
(17559498811; 5)
(17559764986; 6)
(17559853711; 5)
(17559899848; 6)
(17559910495; 5)
(17559970828; 6)
(17560031161; 5)
(17560034710; 6)
(17560048906; 5)
(17560052455; 6)
(17560056004; 5)
(17560063102; 6)
(17560070200; 5)
(17570427687; 6)
(17570431237; 5)
(17570445437; 6)
(17570448987; 5)
(17570452537; 6)
(17570456087; 5)
(17570488037; 6)
(17570516437; 5)
(17570527087; 6)
(17572199137; 5)
(17572202687; 6)
(17572206237; 5)
(17572209787; 6)
(17572248837; 5)
(17572252387; 6)
(17574066437; 5)
(17574087737; 6)
(17574091287; 5)
(17574094837; 6)
(17574222637; 5)
(17574229737; 6)
(17574233287; 5)
(17574243937; 6)
(17574265237; 5)
(17574449837; 6)
(17574453387; 5)
(17574456937; 6)
(17574478237; 5)
(17574481787; 6)
(17574488887; 5)
(17574524387; 6)
(17574566987; 5)
(17574577637; 6)
(17574591837; 5)
(17574606037; 6)
(17575507885; 5)
(17575575354; 6)
(17575639272; 5)
(17575642823; 6)
(17575688986; 5)
(17575760006; 6)
(17575763557; 5)
(17575767108; 6)
(17575770659; 5)
(17576310411; 6)
(17576416941; 5)
(17576420492; 6)
(17576427594; 5)
(17576605144; 6)
(17576622899; 5)
(17576633552; 6)
(17576637103; 5)
(17576640654; 6)
(17576644205; 5)
(17576647756; 6)
(17576665511; 5)
(17576669062; 6)
(17577070325; 5)
(17577116488; 6)
(17577198161; 5)
(17577201712; 6)
(17577265630; 5)
(17577269181; 6)
(17577315344; 5)
(17577318895; 6)
(17577350854; 5)
(17577354405; 6)
(17577357956; 5)
(17577443180; 6)
(17577446731; 5)
(17577592322; 6)
(17577791178; 5)
(17577805382; 6)
(17577819586; 5)
(17577823137; 6)
(17578455215; 5)
(17578458766; 6)
(17578462317; 5)
(17578501378; 6)
(17578519133; 5)
(17578547541; 6)
(17578558194; 5)
(17578561745; 6)
(17578565296; 5)
(17578622112; 6)
(17578689581; 5)
(17578703785; 6)
(17578707336; 5)
(17578746397; 6)
(17578753499; 5)
(17578767703; 6)
(17578771254; 5)
(17578774805; 6)
(17579556025; 5)
(17579573780; 6)
(17579577331; 5)
(17579580882; 6)
(17579801044; 5)
(17579804595; 6)
(17579808146; 5)
(17579822350; 6)
(17579833003; 5)
(17579836554; 6)
(17579847207; 5)
(17579850758; 6)
(17579864962; 5)
(17579872064; 6)
(17579875615; 5)
(17579889819; 6)
(17580156144; 5)
(17580170348; 6)
(17580173899; 5)
(17582073684; 6)
(17582134051; 5)
(17582183765; 6)
(17582187316; 5)
(17582663150; 6)
(17582670252; 5)
(17582673803; 6)
(17582680905; 5)
(17582684456; 6)
(17582698660; 5)
(17582826496; 6)
(17582830047; 5)
(17582893965; 6)
(17582897516; 5)
(17583188698; 6)
(17583192249; 5)
(17583284575; 6)
(17583295228; 5)
(17584704975; 6)
(17584797301; 5)
(17585351389; 6)
(17585354941; 5)
(17585358493; 6)
(17585411773; 5)
(17585440189; 6)
(17585486365; 5)
(17585489917; 6)
(17585500573; 5)
(17585521885; 6)
(17585525437; 5)
(17585546749; 6)
(17587344061; 5)
(17587347613; 6)
(17587351165; 5)
(17587958557; 6)
(17589279901; 5)
(17589287005; 6)
(17589400669; 5)
(17589407773; 6)
(17589418429; 5)
(17589421981; 6)
(17589432637; 5)
(17589471709; 6)
(17589521437; 5)
(17589524989; 6)
(17589532093; 5)
(17589652861; 6)
(17590103965; 5)
(17590111069; 6)
(17590203421; 5)
(17590640317; 6)
(17590643869; 5)
(17590658077; 6)
(17590693597; 5)
(17590697149; 6)
(17590700701; 5)
(17590704253; 6)
(17590711357; 5)
(17590718461; 6)
(17590722013; 5)
(17590736221; 6)
(17590807261; 5)
(17590810813; 6)
(17590817917; 5)
(17590928029; 6)
(17590938685; 5)
(17591261917; 6)
(17591286781; 5)
(17591290333; 6)
(17591300989; 5)
(17591308093; 6)
(17591347165; 5)
(17591364925; 6)
(17591375581; 5)
(17591403997; 6)
(17591450173; 5)
(17591453725; 6)
(17591457277; 5)
(17591467933; 6)
(17591549629; 5)
(17591556733; 6)
(17591574493; 5)
(17591610013; 6)
(17591613565; 5)
(17591617117; 6)
(17591620669; 5)
(17591624221; 6)
(17591627773; 5)
(17591670397; 6)
(17591677501; 5)
(17591681053; 6)
(17591684605; 5)
(17614215985; 6)
(17614294173; 5)
(17614311943; 6)
(17614319051; 5)
(17614333267; 6)
(17614336821; 5)
(17614358145; 6)
(17614379469; 5)
(17614383023; 6)
(17627142597; 5)
(17627149709; 6)
(17627153265; 5)
(17627313285; 6)
(17627512421; 5)
(17628134721; 6)
(17628138277; 5)
(17628188061; 6)
(17628205841; 5)
(17628209397; 6)
(17628276961; 5)
(17628305409; 6)
(17628308965; 5)
(17628316077; 6)
(17628362305; 5)
(17628380085; 6)
(17628454761; 5)
(17628842365; 6)
(17628906373; 5)
(17628952601; 6)
(17629500225; 5)
(17629510893; 6)
(17629514449; 5)
(17630008733; 6)
(17650842667; 5)
(17650878247; 6)
(17650885363; 5)
(17650888921; 6)
(17650903153; 5)
(17650952965; 6)
(17650963639; 5)
(17650970755; 6)
(17650974313; 5)
(17651006335; 6)
(17653219411; 5)
(17653247875; 6)
(17653251433; 5)
(17653258549; 6)
(17653468471; 5)
(17660468801; 6)
(17661216191; 5)
(17661219750; 6)
(17661230427; 5)
(17661248222; 6)
(17661262458; 5)
(17661988494; 6)
(17661992053; 5)
(17662105941; 6)
(17663070430; 5)
(17663287529; 6)
(17669196877; 5)
(17669211117; 6)
(17672372397; 5)
(17672422237; 6)
(17672486317; 5)
(17672493437; 6)
(17672539717; 5)
(17672546837; 6)
(17672585997; 5)
(17672589557; 6)
(17674027797; 5)
(17674049157; 6)
(17674059837; 5)
(17674074077; 6)
(17674091877; 5)
(17674134604; 6)
(17674138165; 5)
(17674141726; 6)
(17674145287; 5)
(17674262800; 6)
(17674273483; 5)
(17674277044; 6)
(17674280605; 5)
(17674287727; 6)
(17674401679; 5)
(17674408801; 6)
(17674412362; 5)
(17674426606; 6)
(17749901567; 5)
(17749919407; 6)
(17749930111; 5)
(17749933679; 6)
(17749937247; 5)
(17749962223; 6)
(17750001471; 5)
(17750015743; 6)
(17750019311; 5)
(17750026447; 6)
(17750047855; 5)
(17750054991; 6)
(17750065695; 5)
(17750069263; 6)
(17750079967; 5)
(17750083535; 6)
(17750154895; 5)
(17750158463; 6)
(17750169167; 5)
(17750176303; 6)
(17750179871; 5)
(17750190575; 6)
(17750201279; 5)
(17750204847; 6)
(17750208415; 5)
(17750211983; 6)
(17750222687; 5)
(17750229823; 6)
(17750233391; 5)
(17750236959; 6)
(17750244095; 5)
(17750254799; 6)
(17750468879; 5)
(17750472447; 6)
(17750479583; 5)
(17750493855; 6)
(17750497423; 5)
(17750508127; 6)
(17750593759; 5)
(17750622303; 6)
(17750711503; 5)
(17750782863; 6)
(17750786431; 5)
(17750793567; 6)
(17750832815; 5)
(17750839951; 6)
(17750868495; 5)
(17768678471; 6)
(17768928371; 5)
(17768935511; 6)
(17768949791; 5)
(17768956931; 6)
(17768999771; 5)
(17769010481; 6)
(17769081881; 5)
(17769089021; 6)
(17770281401; 5)
(17770666961; 6)
(17770709801; 5)
(17770720511; 6)
(17770724081; 5)
(17770734791; 6)
(17771066801; 5)
(17771102501; 6)
(17772526931; 5)
(17772551921; 6)
(17772966041; 5)
(17772973181; 6)
(17773087421; 5)
(17857711649; 6)
(17857879862; 5)
(17857887020; 6)
(17857890599; 5)
(17857894178; 6)
(17857926389; 5)
(17857980074; 6)
(17857987232; 5)
(17858130392; 6)
(17858144708; 5)
(17858216288; 6)
(17858248499; 5)
(17858252078; 6)
(17858259236; 5)
(17858262815; 6)
(17858269973; 5)
(17858273552; 6)
(17858277131; 5)
(17858473976; 6)
(17858477555; 5)
(17858481134; 6)
(17858527661; 5)
(17858531240; 6)
(17858534819; 5)
(17858538398; 6)
(17858541977; 5)
(17858545556; 6)
(17858577767; 5)
(17858581346; 6)
(17858584925; 5)
(17858609978; 6)
(17864637411; 5)
(17864662471; 6)
(17864666051; 5)
(17864669631; 6)
(17864694691; 5)
(17864698271; 6)
(17864701851; 5)
(17864716171; 6)
(17864726911; 5)
(17864730491; 6)
(17864734071; 5)
(17864737651; 6)
(17864744811; 5)
(17864748391; 6)
(17864751971; 5)
(17864755551; 6)
(17864759131; 5)
(17864766291; 6)
(17864773451; 5)
(17866076571; 6)
(17866080151; 5)
(17866398771; 6)
(17866402351; 5)
(17866409511; 6)
(17866427411; 5)
(17866516911; 6)
(17866595671; 5)
(17866613571; 6)
(17868310491; 5)
(17868421471; 6)
(17868428631; 5)
(17868432211; 6)
(17868446531; 5)
(17868450111; 6)
(17868457271; 5)
(17868471591; 6)
(17868478751; 5)
(17868604051; 6)
(17868607631; 5)
(17868997851; 6)
(17869005011; 5)
(17869008591; 6)
(17869137471; 5)
(17869144631; 6)
(17869148211; 5)
(17869294991; 6)
(17869298571; 5)
(17869448931; 6)
(17869463251; 5)
(17869509791; 6)
(17869513371; 5)
(17869610031; 6)
(17869617191; 5)
(17869624351; 6)
(17869638671; 5)
(17869645831; 6)
(17869656571; 5)
(17869660151; 6)
(17869663731; 5)
(17869678051; 6)
(17869692371; 5)
(17869703111; 6)
(17869706691; 5)
(17869710271; 6)
(17869731751; 5)
(17869735331; 6)
(17869749651; 5)
(17870053951; 6)
(17870841551; 5)
(17870895251; 6)
(17870898831; 5)
(17871045611; 6)
(17871285471; 5)
(17871321271; 6)
(17871324851; 5)
(17871339171; 6)
(17871407191; 5)
(17871410771; 6)
(17871421511; 5)
(17871471631; 6)
(17879116584; 5)
(17879120165; 6)
(17879420969; 5)
(17879424550; 6)
(17879431712; 5)
(17879453198; 6)
(17879456779; 5)
(17879463941; 6)
(17879471103; 5)
(17884674713; 6)
(17884860977; 5)
(17884868141; 6)
(17885308727; 5)
(17885315891; 6)
(17885323055; 5)
(17885326637; 6)
(17885330219; 5)
(17885348129; 6)
(17885351711; 5)
(17885423351; 6)
(17885494991; 5)
(17885498573; 6)
(17885502155; 5)
(17885520065; 6)
(17885523647; 5)
(17885623943; 6)
(17885692001; 5)
(17885702747; 6)
(17885709911; 5)
(17885717075; 6)
(17906866479; 5)
(17906880815; 6)
(17906916655; 5)
(17906920239; 6)
(17906923823; 5)
(17906938159; 6)
(17906981167; 5)
(17906984751; 6)
(17907060015; 5)
(17907135279; 6)
(17907142447; 5)
(17907153199; 6)
(17907163951; 5)
(17907167535; 6)
(17907185455; 5)
(17907723055; 6)
(17908866351; 5)
(17908873519; 6)
(17909095727; 5)
(17909099311; 6)
(17909110063; 5)
(17909145903; 6)
(17909149487; 5)
(17909174575; 6)
(17909178159; 5)
(17909228335; 6)
(17909486383; 5)
(17909497135; 6)
(17909500719; 5)
(17909518639; 6)
(17909525807; 5)
(17909547311; 6)
(17909568815; 5)
(17909626159; 6)
(17909661999; 5)
(17909665583; 6)
(17909669167; 5)
(17909672751; 6)
(17909758767; 5)
(17909787439; 6)
(17909794607; 5)
(17909798191; 6)
(17909801775; 5)
(17909805359; 6)
(17909851951; 5)
(17909873455; 6)
(17909877039; 5)
(17909898543; 6)
(17909927215; 5)
(17909930799; 6)
(17909955887; 5)
(17909973807; 6)
(17909991727; 5)
(17910002479; 6)
(17910013231; 5)
(17910020399; 6)
(17910031151; 5)
(17910038319; 6)
(17910049071; 5)
(17910052655; 6)
(17910077743; 5)
(17972284977; 4)
(17972299337; 5)
(17972313697; 4)
(17972320877; 5)
(17972335237; 4)
(17972342417; 5)
(17972353187; 4)
(17972363957; 5)
(17972845017; 4)
(17972855787; 5)
(17972913227; 4)
(17972916817; 5)
(17972923997; 4)
(17972945537; 5)
(17973010157; 4)
(17973035287; 5)
(17973071187; 4)
(17973074777; 5)
(17973081957; 4)
(17973204030; 5)
(17973211212; 4)
(17973229167; 5)
(17973239940; 4)
(17974159236; 5)
(17974331604; 4)
(17974335195; 5)
(17974338786; 4)
(17974342377; 5)
(17977513230; 4)
(17977527594; 5)
(17977531185; 4)
(17977707144; 5)
(17977728690; 4)
(17977732281; 5)
(17977782555; 4)
(17977796919; 5)
