(3000000001; 9)
(3002081674; 10)
(3002083141; 9)
(3002093410; 10)
(3003774694; 9)
(3003776162; 10)
(3003777630; 9)
(3003780566; 10)
(3003783502; 9)
(3003786438; 10)
(3003789374; 9)
(3003790842; 10)
(3003795246; 9)
(3003806990; 10)
(3003808458; 9)
(3003994894; 10)
(3004000766; 9)
(3004005170; 10)
(3004008106; 9)
(3004011042; 10)
(3004012510; 9)
(3004225370; 10)
(3004228306; 9)
(3005411514; 10)
(3005493722; 9)
(3005495190; 10)
(3005506934; 9)
(3005508402; 10)
(3005509870; 9)
(3005514274; 10)
(3005515742; 9)
(3005521614; 10)
(3005523082; 9)
(3005528954; 10)
(3005536294; 9)
(3005549506; 10)
(3005561250; 9)
(3005646394; 10)
(3005653734; 9)
(3005655202; 10)
(3005665478; 9)
(3005668414; 10)
(3005683094; 9)
(3005684562; 10)
(3005688966; 9)
(3005690434; 10)
(3005699242; 9)
(3005731538; 10)
(3005737410; 9)
(3005975226; 10)
(3005981098; 9)
(3006634358; 10)
(3006637294; 9)
(3006643166; 10)
(3006657846; 9)
(3010237076; 10)
(3010241483; 9)
(3010247359; 10)
(3010248828; 9)
(3010250297; 10)
(3010264987; 9)
(3010269394; 10)
(3010270863; 9)
(3010273801; 10)
(3010276739; 9)
(3010281146; 10)
(3010282615; 9)
(3010297305; 10)
(3010300243; 9)
(3010303181; 10)
(3010306119; 9)
(3010317871; 10)
(3010319340; 9)
(3010320809; 10)
(3010322278; 9)
(3010323747; 10)
(3010345782; 9)
(3010422170; 10)
(3010428046; 9)
(3010429515; 10)
(3010467709; 9)
(3010472116; 10)
(3010473585; 9)
(3010482399; 10)
(3010483868; 9)
(3010488275; 10)
(3010511779; 9)
(3010513248; 10)
(3010536752; 9)
(3010538221; 10)
(3010548504; 9)
(3010561725; 10)
(3010563194; 9)
(3010566132; 10)
(3010735067; 9)
(3010736536; 10)
(3010748288; 9)
(3010930444; 10)
(3010961293; 9)
(3010967169; 10)
(3010973045; 9)
(3011102317; 10)
(3011103786; 9)
(3011106724; 10)
(3011108193; 9)
(3011119945; 10)
(3011121414; 9)
(3011122883; 10)
(3011125821; 9)
(3011128759; 10)
(3011134635; 9)
(3011156670; 10)
(3011172829; 9)
(3011177236; 10)
(3011188988; 9)
(3013853672; 10)
(3013862492; 9)
(3013891892; 10)
(3013894832; 9)
(3013905122; 10)
(3014150612; 9)
(3014156492; 10)
(3014168252; 9)
(3014169722; 10)
(3014175602; 9)
(3014177072; 10)
(3014178542; 9)
(3014244692; 10)
(3014291732; 9)
(3014294672; 10)
(3014329952; 9)
(3014332892; 10)
(3014338772; 9)
(3015398642; 10)
(3015454502; 9)
(3015486842; 10)
(3015489782; 9)
(3015491252; 10)
(3015494192; 9)
(3015497132; 10)
(3015513302; 9)
(3015911672; 10)
(3015913142; 9)
(3015926380; 10)
(3015927851; 9)
(3015936677; 10)
(3017256164; 9)
(3017259106; 10)
(3017267932; 9)
(3017766601; 10)
(3017771014; 9)
(3017772485; 10)
(3017796021; 9)
(3017801905; 10)
(3017809260; 9)
(3018060801; 10)
(3018076982; 9)
(3018078453; 10)
(3018081395; 9)
(3018082866; 10)
(3018091692; 9)
(3018107873; 10)
(3018115228; 9)
(3018132880; 10)
(3018140235; 9)
(3018191720; 10)
(3018193191; 9)
(3018194662; 10)
(3018196133; 9)
(3018235850; 10)
(3018237321; 9)
(3018238792; 10)
(3018346175; 9)
(3018863967; 10)
(3018865438; 9)
(3018866909; 10)
(3018887503; 9)
(3018890445; 10)
(3018896329; 9)
(3018903684; 10)
(3018911039; 9)
(3018915452; 10)
(3018924278; 9)
(3018927220; 10)
(3018928691; 9)
(3018990473; 10)
(3019014009; 9)
(3019040487; 10)
(3019128747; 9)
(3019137573; 10)
(3019149341; 9)
(3019150812; 10)
(3019778929; 9)
(3023335120; 10)
(3023341008; 9)
(3023385168; 10)
(3023392528; 9)
(3023395472; 10)
(3023856208; 9)
(3023857680; 10)
(3023906256; 9)
(3023907728; 10)
(3023910672; 9)
(3023920976; 10)
(3023954832; 9)
(3023956304; 10)
(3023959248; 9)
(3023960720; 10)
(3023962192; 9)
(3023966608; 10)
(3024523297; 9)
(3024535081; 10)
(3024539500; 9)
(3024571906; 10)
(3024589582; 9)
(3024594001; 10)
(3024595474; 9)
(3024596947; 10)
(3024909223; 9)
(3024996130; 10)
(3024997603; 9)
(3025004968; 10)
(3025007914; 9)
(3025043266; 10)
(3025047685; 9)
(3025049158; 10)
(3025059469; 9)
(3025083037; 10)
(3025085983; 9)
(3025088929; 10)
(3025094821; 9)
(3025097767; 10)
(3025099240; 9)
(3025100713; 10)
(3025141957; 9)
(3025274527; 10)
(3025283365; 9)
(3038203190; 8)
(3038209094; 9)
(3038234186; 8)
(3038235662; 9)
(3038238614; 8)
(3038241566; 9)
(3038243042; 8)
(3038244518; 9)
(3038253374; 8)
(3038256326; 9)
(3038262230; 8)
(3038333078; 9)
(3038343410; 8)
(3038415734; 9)
(3038437874; 8)
(3038449682; 9)
(3038462966; 8)
(3038468870; 9)
(3038471822; 8)
(3038473298; 9)
(3038488058; 8)
(3038496914; 9)
(3038498390; 8)
(3038499866; 9)
(3038501342; 8)
(3038508722; 9)
(3038538242; 8)
(3038544146; 9)
(3038550050; 8)
(3038557430; 9)
(3038558906; 8)
(3038570714; 9)
(3038691746; 8)
(3038694698; 9)
(3038696174; 8)
(3038703554; 9)
(3038718314; 8)
(3038722742; 9)
(3038725694; 8)
(3038727170; 9)
(3038744882; 8)
(3038752262; 9)
(3038753738; 8)
(3038755214; 9)
(3038761118; 8)
(3038762594; 9)
(3038765546; 8)
(3038774402; 9)
(3038777354; 8)
(3038787686; 9)
(3038793590; 8)
(3038795066; 9)
(3038796542; 8)
(3038802446; 9)
(3038833442; 8)
(3038840822; 9)
(3038868866; 8)
(3038885102; 9)
(3038886578; 8)
(3038905766; 9)
(3039667382; 8)
(3039693950; 9)
(3039860738; 8)
(3039881402; 9)
(3039882878; 8)
(3039887306; 9)
(3039888782; 8)
(3039893210; 9)
(3039921254; 8)
(3039941918; 9)
(3039943394; 8)
(3039946346; 9)
(3039947822; 8)
(3039956678; 9)
(3039959630; 8)
(3039967010; 9)
(3039971438; 8)
(3039972914; 9)
(3039974390; 8)
(3039981770; 9)
(3039992102; 8)
(3040006862; 9)
(3040009814; 8)
(3040021622; 9)
(3040024574; 8)
(3040139702; 9)
(3040142654; 8)
(3040144130; 9)
(3040147082; 8)
(3040148558; 9)
(3040150034; 8)
(3040241546; 9)
(3040274018; 8)
(3040275494; 9)
(3040276970; 8)
(3040279922; 9)
(3040281398; 8)
(3040285826; 9)
(3040291730; 8)
(3040302062; 9)
(3040414238; 8)
(3040428998; 9)
(3041288518; 8)
(3041297380; 9)
(3041298857; 8)
(3041303288; 9)
(3041380092; 8)
(3041383046; 9)
(3041387477; 8)
(3041446557; 9)
(3041449511; 8)
(3041450988; 9)
(3041453942; 8)
(3041567671; 9)
(3041570625; 8)
(3041736049; 9)
(3041737526; 8)
(3041762635; 9)
(3041780359; 8)
(3041781836; 9)
(3041789221; 8)
(3041897042; 9)
(3041905904; 8)
(3043979612; 9)
(3043981089; 8)
(3043982566; 9)
(3044010629; 8)
(3044023922; 9)
(3044028353; 8)
(3044096295; 9)
(3044103680; 8)
(3044106634; 9)
(3044108111; 8)
(3044109588; 9)
(3044111065; 8)
(3044122881; 9)
(3044192300; 8)
(3044198208; 9)
(3044201162; 8)
(3044218886; 9)
(3044220363; 8)
(3044221840; 9)
(3044223317; 8)
(3044224794; 9)
(3044248426; 8)
(3044254334; 9)
(3044258765; 8)
(3044260242; 9)
(3044266150; 8)
(3044282397; 9)
(3044283874; 8)
(3044285351; 9)
(3044325230; 8)
(3044329661; 9)
(3044331138; 8)
(3044334092; 9)
(3044340000; 8)
(3044344431; 9)
(3044345908; 8)
(3044613245; 9)
(3044617676; 8)
(3044619153; 9)
(3044629492; 8)
(3044630969; 9)
(3044700398; 8)
(3044727002; 9)
(3044729958; 8)
(3044758040; 9)
(3044760996; 8)
(3044960526; 9)
(3044962004; 8)
(3044970872; 9)
(3045112760; 8)
(3045114238; 9)
(3045118672; 8)
(3045120150; 9)
(3045143798; 8)
(3045145276; 9)
(3045146754; 8)
(3045148232; 9)
(3045149710; 8)
(3045185182; 9)
(3045186660; 8)
(3045194050; 9)
(3045198484; 8)
(3045251692; 9)
(3045254648; 8)
(3045256126; 9)
(3045257604; 8)
(3045259082; 9)
(3045343328; 8)
(3045347762; 9)
(3046309940; 8)
(3046312896; 9)
(3046340978; 8)
(3046343934; 9)
(3046382362; 8)
(3046385318; 9)
(3061714070; 8)
(3061715552; 9)
(3061752602; 8)
(3061754084; 9)
(3061761494; 8)
(3061762976; 9)
(3061771868; 8)
(3061807436; 9)
(3061808918; 8)
(3061860788; 9)
(3061862270; 8)
(3061877090; 9)
(3061888946; 8)
(3061927478; 9)
(3061967492; 8)
(3063825920; 9)
(3063827402; 8)
(3065508116; 9)
(3065524429; 8)
(3065527395; 9)
(3067461227; 8)
(3073198510; 9)
(3073204446; 8)
(3073205930; 9)
(3073231158; 8)
(3073235610; 9)
(3073263806; 8)
(3073266774; 9)
(3073268258; 8)
(3073269742; 9)
(3073272710; 8)
(3073286066; 9)
(3073292002; 8)
(3073293486; 9)
(3073294970; 8)
(3073303874; 9)
(3073305358; 8)
(3073306842; 9)
(3073311294; 8)
(3073407754; 9)
(3073424078; 8)
(3073425562; 9)
(3073443370; 8)
(3073444854; 9)
(3073514602; 8)
(3073516086; 9)
(3073523506; 8)
(3074077363; 9)
(3074678788; 8)
(3074680273; 9)
(3074681758; 8)
(3074683243; 9)
(3074689183; 8)
(3074690668; 9)
(3074692153; 8)
(3074693638; 9)
(3074695123; 8)
(3074738188; 9)
(3074803528; 8)
(3074815408; 9)
(3074821348; 8)
(3074824318; 9)
(3074828773; 8)
(3074864413; 9)
(3074947573; 8)
(3074949058; 9)
(3074953513; 8)
(3074954998; 9)
(3074956483; 8)
(3074957968; 9)
(3074972818; 8)
(3074990638; 9)
(3074992123; 8)
(3074993608; 9)
(3074995093; 8)
(3075018853; 9)
(3075033703; 8)
(3079793028; 9)
(3079794514; 8)
(3079888132; 9)
(3079891104; 8)
(3079900020; 9)
(3079901506; 8)
(3079952030; 9)
(3079955002; 8)
(3079956488; 9)
(3080708404; 8)
(3080709890; 9)
(3080712862; 8)
(3080721778; 9)
(3080727722; 8)
(3080733666; 9)
(3080738124; 8)
(3080952108; 9)
(3080953594; 8)
(3080955080; 9)
(3080958052; 8)
(3080959538; 9)
(3080962510; 8)
(3081035324; 9)
(3081042754; 8)
(3081045726; 9)
(3081048698; 8)
(3081065044; 9)
(3081066530; 8)
(3081149746; 9)
(3081151232; 8)
(3081154204; 9)
(3081158662; 8)
(3081167578; 9)
(3081180952; 8)
(3081222560; 9)
(3081225532; 8)
(3081231476; 9)
(3081273084; 8)
(3081274570; 9)
(3081276056; 8)
(3081298346; 9)
(3081299832; 8)
(3081341440; 9)
(3081342926; 8)
(3082277888; 9)
(3082279375; 8)
(3082286810; 9)
(3083002057; 8)
(3083512098; 9)
(3083516559; 8)
(3083531429; 9)
(3083613214; 8)
(3083614701; 9)
(3083617675; 8)
(3083619162; 9)
(3083620649; 8)
(3083622136; 9)
(3083626597; 8)
(3083634032; 9)
(3083773810; 8)
(3083775297; 9)
(3083809498; 8)
(3083815446; 9)
(3086723000; 8)
(3086724488; 9)
(3086725976; 8)
(3086727464; 9)
(3086730440; 8)
(3086733416; 9)
(3086752760; 8)
(3086755736; 9)
(3086892632; 8)
(3086897096; 9)
(3086898584; 8)
(3086925368; 9)
(3086926856; 8)
(3096403552; 9)
(3096405042; 8)
(3096408022; 9)
(3096413982; 8)
(3096415472; 9)
(3096416962; 8)
(3096449742; 9)
(3097005512; 8)
(3097007002; 9)
(3097187292; 8)
(3097190272; 9)
(3097209642; 8)
(3097218582; 9)
(3097231992; 8)
(3097233482; 9)
(3097254342; 8)
(3097255832; 9)
(3097257322; 8)
(3097261792; 9)
(3097276692; 8)
(3097278182; 9)
(3097307982; 8)
(3097310962; 9)
(3097327352; 8)
(3097336292; 9)
(3097351192; 8)
(3097352682; 9)
(3098983078; 8)
(3099005443; 9)
(3099014389; 8)
(3099018862; 9)
(3099038245; 8)
(3099045700; 9)
(3099047191; 8)
(3099090430; 9)
(3107584023; 8)
(3107955780; 9)
(3107966231; 8)
(3108021472; 9)
(3108403680; 8)
(3108405173; 9)
(3108409652; 8)
(3108420103; 9)
(3109124799; 8)
(3109126292; 9)
(3109132264; 8)
(3109174068; 9)
(3109175561; 8)
(3109321875; 9)
(3109324861; 8)
(3109377116; 9)
(3109378609; 8)
(3109392046; 9)
(3109402497; 8)
(3109403990; 9)
(3109405483; 8)
(3109406976; 9)
(3109408469; 8)
(3109415934; 9)
(3109421906; 8)
(3109654814; 9)
(3109671237; 8)
(3109672730; 9)
(3110313227; 8)
(3110438639; 9)
(3110559572; 8)
(3110580474; 9)
(3110626757; 8)
(3110637208; 9)
(3110661096; 8)
(3110664082; 9)
(3110665575; 8)
(3110670054; 9)
(3110716337; 8)
(3110738732; 9)
(3110850707; 8)
(3110861158; 9)
(3110870116; 8)
(3110880567; 9)
(3110894004; 8)
(3110910427; 9)
(3110917892; 8)
(3110925357; 9)
(3111044852; 8)
(3111089672; 9)
(3111091166; 8)
(3111098636; 9)
(3111100130; 8)
(3111113576; 9)
(3111132998; 8)
(3111135986; 9)
(3111352616; 8)
(3111451220; 9)
(3111461678; 8)
(3111463172; 9)
(3111484088; 8)
(3111485582; 9)
(3111494546; 8)
(3111558788; 9)
(3111569246; 8)
(3111593150; 9)
(3111645440; 8)
(3111646934; 9)
(3111670838; 8)
(3111693248; 9)
(3111700718; 8)
(3111705200; 9)
(3111708188; 8)
(3111753008; 9)
(3111776912; 8)
(3111993542; 9)
(3112027904; 8)
(3112044338; 9)
(3117545368; 8)
(3117558823; 9)
(3117564803; 8)
(3117566298; 9)
(3117623108; 8)
(3117635068; 9)
(3117641048; 8)
(3117661978; 9)
(3118144863; 8)
(3118146358; 9)
(3118147853; 8)
(3118149348; 9)
(3118153833; 8)
(3118155328; 9)
(3118282403; 8)
(3118283898; 9)
(3118286888; 8)
(3118297353; 9)
(3118339213; 8)
(3118340708; 9)
(3120682804; 8)
(3120685796; 9)
(3120711228; 8)
(3120720204; 9)
(3120772564; 8)
(3120783036; 9)
(3120802484; 8)
(3120871300; 9)
(3120875788; 8)
(3120877284; 9)
(3120899724; 8)
(3120901220; 9)
(3120905708; 8)
(3121050820; 9)
(3121130108; 8)
(3141188291; 7)
(3141200299; 8)
(3141201800; 7)
(3141203301; 8)
(3141206303; 7)
(3141209305; 8)
(3141240826; 7)
(3141242327; 8)
(3141251333; 7)
(3141252834; 8)
(3141254335; 7)
(3141257337; 8)
(3141284355; 7)
(3141285856; 8)
(3141429952; 7)
(3145559996; 8)
(3146413132; 7)
(3146416136; 8)
(3146425148; 7)
(3146503252; 8)
(3146534794; 7)
(3146536296; 8)
(3146552818; 7)
(3146581356; 8)
(3146585862; 7)
(3146588866; 8)
(3146590368; 7)
(3151670701; 8)
(3151672204; 7)
(3151675210; 8)
(3151676713; 7)
(3151687234; 8)
(3151688737; 7)
(3151694749; 8)
(3151784929; 7)
(3151807474; 8)
(3151814989; 7)
(3151816492; 8)
(3151817995; 7)
(3151827013; 8)
(3151831522; 7)
(3151836031; 8)
(3151837534; 7)
(3151839037; 8)
(3151843546; 7)
(3151845049; 8)
(3151866091; 7)
(3151869097; 8)
(3151882624; 7)
(3151884127; 8)
(3151890139; 7)
(3151894648; 8)
(3151917193; 7)
(3151920199; 8)
(3161803094; 7)
(3161816648; 8)
(3161821166; 7)
(3175309836; 8)
(3175317381; 7)
(3175352088; 8)
(3175371705; 7)
(3175410939; 8)
(3175524114; 7)
(3175525623; 8)
(3175534677; 7)
(3175542222; 8)
(3175548258; 7)
(3175554294; 8)
(3175555803; 7)
(3175567875; 8)
(3175570893; 7)
(3175598055; 8)
(3175601073; 7)
(3175608618; 8)
(3175626726; 7)
(3175659924; 8)
(3175667469; 7)
(3175673505; 8)
(3175699158; 7)
(3175700667; 8)
(3175702176; 7)
(3175703685; 8)
(3175727829; 7)
(3175729338; 8)
(3175730847; 7)
(3175733865; 8)
(3175745937; 7)
(3175748955; 8)
(3175812333; 7)
(3175818369; 8)
(3175822896; 7)
(3175825914; 8)
(3175839495; 7)
(3175850058; 8)
(3191192267; 7)
(3191475198; 8)
(3191476711; 7)
(3191988105; 8)
(3191989618; 7)
(3191994157; 8)
(3192004748; 7)
(3192025930; 8)
(3192198412; 7)
(3192268010; 8)
(3192271036; 7)
(3192284653; 8)
(3192286166; 7)
(3192289192; 8)
(3192319452; 7)
(3192320965; 8)
(3192322478; 7)
(3192323991; 8)
(3192392076; 7)
(3192395102; 8)
(3192721910; 7)
(3192901957; 8)
(3209755283; 9)
(3209758317; 8)
(3209764385; 9)
(3209765902; 8)
(3209767419; 9)
(3209781072; 8)
(3209782589; 9)
(3209784106; 8)
(3209785623; 9)
(3209793208; 8)
(3209794725; 9)
(3209796242; 8)
(3209797759; 9)
(3209800793; 8)
(3209805344; 9)
(3209814446; 8)
(3222833279; 9)
(3222836319; 8)
(3222860639; 9)
(3222862159; 8)
(3222875839; 9)
(3222909279; 8)
(3222921439; 9)
(3225180657; 8)
(3225182178; 9)
(3225183699; 8)
(3225194346; 9)
(3229246672; 8)
(3229248194; 9)
(3229249716; 8)
(3229365388; 9)
(3229376042; 8)
(3229377564; 9)
(3229414092; 8)
(3229417136; 9)
(3230960444; 8)
(3230969576; 9)
(3230971098; 8)
(3230987840; 9)
(3231001538; 8)
(3231004582; 9)
(3231007626; 8)
(3236668891; 9)
(3236674983; 8)
(3236687167; 9)
(3237273599; 8)
(3237275123; 9)
(3237294935; 8)
(3237355895; 9)
(3237366563; 8)
(3237368087; 9)
(3237375707; 8)
(3237377231; 9)
(3237390947; 8)
(3237404663; 9)
(3237406187; 8)
(3237407711; 9)
(3237409235; 8)
(3237413807; 9)
(3237416855; 8)
(3237418379; 9)
(3255025833; 10)
(3255027361; 9)
(3255070145; 10)
(3255120569; 9)
(3255122097; 10)
(3255125153; 9)
(3255129737; 10)
(3256893049; 9)
(3256894577; 10)
(3256906801; 9)
(3257632601; 10)
(3257634129; 9)
(3257635657; 10)
(3257637185; 9)
(3257638713; 10)
(3257670801; 9)
(3257672329; 10)
(3257676913; 9)
(3257683025; 10)
(3257689137; 9)
(3257690665; 10)
(3257705945; 9)
(3257707473; 10)
(3257712057; 9)
(3257808321; 10)
(3257811377; 9)
(3257822073; 10)
(3257823601; 9)
(3257844993; 10)
(3257846521; 9)
(3257849577; 10)
(3257854161; 9)
(3257855689; 10)
(3257863329; 9)
(3257864857; 10)
(3257866385; 9)
(3257867913; 10)
(3257875553; 9)
(3257878609; 10)
(3257883193; 9)
(3257886249; 10)
(3257889305; 9)
(3257941257; 10)
(3257955009; 9)
(3257956537; 10)
(3257959593; 9)
(3257961121; 10)
(3257965705; 9)
(3257967233; 10)
(3257970289; 9)
(3257973345; 10)
(3258254497; 9)
(3258260609; 10)
(3258263665; 9)
(3258265193; 10)
(3258266721; 9)
(3258269777; 10)
(3258277417; 9)
(3258280473; 10)
(3258282001; 9)
(3258311033; 10)
(3258312561; 9)
(3258341593; 10)
(3258393545; 9)
(3258398129; 10)
(3258399657; 9)
(3258405769; 10)
(3258408825; 9)
(3258410353; 10)
(3258413409; 9)
(3258433274; 10)
(3258436332; 9)
(3258499021; 10)
(3258503608; 9)
(3258916438; 10)
(3258917967; 9)
(3259055577; 10)
(3259084628; 9)
(3260420974; 10)
(3260422503; 9)
(3260592222; 10)
(3260595280; 9)
(3260598338; 10)
(3260615157; 9)
(3260616686; 10)
(3260627389; 9)
(3260628918; 10)
(3260633505; 9)
(3260742064; 10)
(3260790992; 9)
(3260792521; 10)
(3260794050; 9)
(3260826159; 10)
(3260836862; 9)
(3261472926; 10)
(3261477513; 9)
(3261498919; 10)
(3261514209; 9)
(3261515738; 10)
(3261518796; 9)
(3261526441; 10)
(3261573840; 9)
(3261578427; 10)
(3263854337; 9)
(3263855867; 10)
(3267595601; 9)
(3267612442; 10)
(3270611671; 9)
(3270844383; 10)
(3270847445; 9)
(3270848976; 10)
(3270870410; 9)
(3270905623; 10)
(3270907154; 9)
(3270910216; 10)
(3270911747; 9)
(3270913278; 10)
(3272952163; 9)
(3272970547; 10)
(3272979739; 9)
(3272981271; 10)
(3274375391; 9)
(3274379987; 10)
(3274384583; 9)
(3274386115; 10)
(3274387647; 9)
(3274678727; 10)
(3274681791; 9)
(3274871759; 10)
(3274876355; 9)
(3274880951; 10)
(3274882483; 9)
(3274884015; 10)
(3279855181; 9)
(3279856715; 10)
(3279861317; 9)
(3280622181; 10)
(3280623715; 9)
(3280626783; 10)
(3280677405; 9)
(3280682007; 10)
(3280688143; 9)
(3280689677; 10)
(3280691211; 9)
(3280694279; 10)
(3280698881; 9)
(3280711153; 10)
(3280712687; 9)
(3280747969; 10)
(3280751037; 9)
(3280752571; 10)
(3280757173; 9)
(3280991875; 10)
(3282278901; 9)
(3282281969; 10)
(3282286571; 9)
(3282288105; 10)
(3282289639; 9)
(3282291173; 10)
(3282294241; 9)
(3282295775; 10)
(3282309581; 9)
(3282374009; 10)
(3282390883; 9)
(3282392417; 10)
(3282395485; 9)
(3282398553; 10)
(3282401621; 9)
(3282404689; 10)
(3282406223; 9)
(3282453777; 10)
(3282461447; 9)
(3282462981; 10)
(3282800461; 9)
(3282805063; 10)
(3282815801; 9)
(3282817335; 10)
(3282851083; 9)
(3285969418; 10)
(3285974023; 9)
(3286036958; 10)
(3286038493; 9)
(3286040028; 10)
(3286043098; 9)
(3286046168; 10)
(3286049238; 9)
(3286052308; 10)
(3286053843; 9)
(3289995269; 10)
(3290027525; 9)
(3292007429; 10)
(3292016645; 9)
(3292018181; 10)
(3292021253; 9)
(3292104197; 10)
(3292110341; 9)
(3292148741; 10)
(3292150277; 9)
(3292151813; 10)
(3292153349; 9)
(3292156421; 10)
(3292159493; 9)
(3292308485; 10)
(3292405253; 9)
(3292406789; 10)
(3292460549; 9)
(3292462085; 10)
(3292463621; 9)
(3292529669; 10)
(3292531205; 9)
(3292532741; 10)
(3292537349; 9)
(3292927694; 10)
(3292955360; 9)
(3292961508; 10)
(3292964582; 9)
(3292967656; 10)
(3292969193; 9)
(3292990711; 10)
(3292992248; 9)
(3292993785; 10)
(3292995322; 9)
(3293030673; 10)
(3293039895; 9)
(3293041432; 10)
(3293219724; 9)
(3311512813; 8)
(3311514354; 9)
(3311520518; 8)
(3311531305; 9)
(3311540551; 8)
(3311569830; 9)
(3311654585; 8)
(3311657667; 9)
(3311666913; 8)
(3312062950; 9)
(3312064491; 8)
(3312067573; 9)
(3312070655; 8)
(3312086065; 9)
(3312087606; 8)
(3312089147; 9)
(3312238624; 8)
(3312240165; 9)
(3312243247; 8)
(3312264821; 9)
(3312266362; 8)
(3312274067; 9)
(3312275608; 8)
(3312280231; 9)
(3312291018; 8)
(3312295641; 9)
(3312298723; 8)
(3312304887; 9)
(3312307969; 8)
(3312311051; 9)
(3312670104; 8)
(3312671645; 9)
(3312674727; 8)
(3313072305; 9)
(3313126240; 8)
(3313132404; 9)
(3313138568; 8)
(3313251061; 9)
(3313263389; 8)
(3313268012; 9)
(3313269553; 8)
(3313272635; 9)
(3313280340; 8)
(3313281881; 9)
(3313283422; 8)
(3313289586; 9)
(3313291127; 8)
(3313295750; 9)
(3313320406; 8)
(3313321947; 9)
(3313323488; 8)
(3313325029; 9)
(3313326570; 8)
(3313334275; 9)
(3313335816; 8)
(3313357390; 9)
(3313466801; 8)
(3313474506; 9)
(3313476047; 8)
(3313483752; 9)
(3313488375; 8)
(3313489916; 9)
(3313491457; 8)
(3313496080; 9)
(3313497621; 8)
(3313548474; 9)
(3313550015; 8)
(3314238948; 9)
(3314963688; 8)
(3315017658; 9)
(3315019200; 8)
(3315093216; 9)
(3315094758; 8)
(3315097842; 9)
(3315125598; 8)
(3315151812; 9)
(3315191904; 8)
(3315194988; 9)
(3315199614; 8)
(3315201156; 9)
(3315202698; 8)
(3315207324; 9)
(3330319891; 10)
(3330321436; 9)
(3330324526; 10)
(3330327616; 9)
(3330335341; 10)
(3331321070; 9)
(3331355082; 10)
(3331362812; 9)
(3331364358; 10)
(3331427744; 9)
(3331443204; 10)
(3331446296; 9)
(3331466394; 10)
(3331494222; 9)
(3331495768; 10)
(3331721484; 9)
(3331733852; 10)
(3332539318; 9)
(3332559416; 10)
(3332564054; 9)
(3332649084; 10)
(3332656814; 9)
(3332683096; 10)
(3332684642; 9)
(3332695464; 10)
(3332701648; 9)
(3332840788; 10)
(3332942824; 9)
(3332944370; 10)
(3381043764; 9)
(3381046878; 10)
(3381048435; 9)
(3381060891; 10)
(3381064005; 9)
(3381093588; 10)
(3381106044; 9)
(3381118500; 10)
(3381120057; 9)
(3387754369; 8)
(3387755928; 9)
(3388105144; 8)
(3388111380; 9)
(3388167504; 8)
(3388169063; 9)
(3388179976; 8)
(3388189330; 9)
(3388190889; 8)
(3388192448; 9)
(3388225187; 8)
(3388226746; 9)
(3388370174; 8)
(3388382646; 9)
(3388412267; 8)
(3388413826; 9)
(3388418503; 8)
(3390983058; 9)
(3391634720; 8)
(3391636279; 9)
(3391637838; 8)
(3391639397; 9)
(3395699911; 8)
(3395701471; 9)
(3395703031; 8)
(3395710831; 9)
(3395712391; 8)
(3395713951; 9)
(3395721751; 8)
(3395724871; 9)
(3395726431; 8)
(3395727991; 9)
(3395731111; 8)
(3395746711; 9)
(3395760751; 8)
(3395762311; 9)
(3395765431; 8)
(3395766991; 9)
(3395774791; 8)
(3395777911; 9)
(3395779471; 8)
(3395782591; 9)
(3395809111; 8)
(3395816911; 9)
(3395832511; 8)
(3395834071; 9)
(3395849671; 8)
(3395854351; 9)
(3395860591; 8)
(3395862151; 9)
(3395866831; 8)
(3395868391; 9)
(3395880871; 8)
(3395882431; 9)
(3395883991; 8)
(3395888671; 9)
(3395899591; 8)
(3395912071; 9)
(3395924551; 8)
(3395926111; 9)
(3395935471; 8)
(3396305227; 9)
(3396603378; 8)
(3396606500; 9)
(3396614305; 8)
(3396615866; 9)
(3396628354; 8)
(3396629915; 9)
(3396633037; 8)
(3396634598; 9)
(3396636159; 8)
(3396639281; 9)
(3396642403; 8)
(3396681428; 9)
(3396682989; 8)
(3396689233; 9)
(3404645117; 8)
(3404654489; 9)
(3404656051; 8)
(3404676357; 9)
(3404690415; 8)
(3404702911; 9)
(3404704473; 8)
(3404724779; 9)
(3404726341; 8)
(3404731027; 9)
(3405268555; 8)
(3405295126; 9)
(3405296689; 8)
(3405299815; 9)
(3405307630; 8)
(3405313882; 9)
(3405323260; 8)
(3405326386; 9)
(3405327949; 8)
(3405610852; 9)
(3405615541; 8)
(3405679624; 9)
(3405681187; 8)
(3414202999; 9)
(3414204564; 8)
(3414206129; 9)
(3414207694; 8)
(3414217084; 9)
(3414243689; 8)
(3414248384; 9)
(3414251514; 8)
(3414253079; 9)
(3414256209; 8)
(3414257774; 9)
(3414259339; 8)
(3414262469; 9)
(3414320374; 8)
(3414652154; 9)
(3414655284; 8)
(3414767964; 9)
(3414769529; 8)
(3414796134; 9)
(3415788344; 8)
(3415789909; 9)
(3415832164; 8)
(3415836859; 9)
(3415838424; 8)
(3415857204; 9)
(3415890069; 8)
(3415902589; 9)
(3415905719; 8)
(3419434119; 9)
(3419437251; 8)
(3419441949; 9)
(3420229647; 8)
(3420256269; 9)
(3420379983; 8)
(3420400341; 9)
(3420401907; 8)
(3420769917; 9)
(3420771483; 8)
(3420776181; 9)
(3420777747; 8)
(3420837255; 9)
(3420838821; 8)
(3420841953; 9)
(3420845085; 8)
(3420924951; 9)
(3420957837; 8)
(3420962535; 9)
(3421169247; 8)
(3421170813; 9)
(3421172379; 8)
(3421189605; 9)
(3421191171; 8)
(3421208397; 9)
(3421217793; 8)
(3421530993; 9)
(3421532559; 8)
(3421604595; 9)
(3421607727; 8)
(3421615557; 9)
(3421623387; 8)
(3421729875; 9)
(3421762761; 8)
(3421944417; 9)
(3421945983; 8)
(3422033679; 9)
(3422036811; 8)
(3422041509; 9)
(3422046207; 8)
(3422047773; 9)
(3422071263; 8)
(3422075961; 9)
(3422079093; 8)
(3422085357; 9)
(3422086923; 8)
(3422108847; 9)
(3422113545; 8)
(3422115111; 9)
(3422141733; 8)
(3422152695; 9)
(3422158959; 8)
(3422162091; 9)
(3422168355; 8)
(3422177751; 9)
(3422187147; 8)
(3422190279; 9)
(3422191845; 8)
(3422193411; 9)
(3422198109; 8)
(3422215335; 9)
(3422290503; 8)
(3422326521; 9)
(3422335917; 8)
(3434232988; 9)
(3434242402; 8)
(3434248678; 9)
(3434468338; 8)
(3434589151; 9)
(3434590720; 8)
(3434593858; 9)
(3434634652; 8)
(3434636221; 9)
(3434650342; 8)
(3434687998; 9)
(3434719378; 8)
(3434720947; 9)
(3434722516; 8)
(3434724085; 9)
(3434730361; 8)
(3434736637; 9)
(3434738206; 8)
(3434800966; 9)
(3434802535; 8)
(3434804104; 9)
(3434807242; 8)
(3434830777; 9)
(3434832346; 8)
(3435257545; 9)
(3435263821; 8)
(3435314029; 9)
(3435348547; 8)
(3435353254; 9)
(3435357961; 8)
(3435359530; 9)
(3435365806; 8)
(3435379927; 9)
(3435395617; 8)
(3435397186; 9)
(3435400324; 8)
(3435401893; 9)
(3435416014; 8)
(3435422290; 9)
(3435426997; 8)
(3435695405; 9)
(3435706395; 8)
(3435715815; 9)
(3435717385; 8)
(3435729945; 9)
(3435747215; 8)
(3435748785; 9)
(3435762915; 8)
(3435764485; 9)
(3435766055; 8)
(3435772335; 9)
(3435775475; 8)
(3435777045; 9)
(3435788035; 8)
(3435789605; 9)
(3435822575; 8)
(3435825715; 9)
(3435833565; 8)
(3435836705; 9)
(3435839845; 8)
(3435841415; 9)
(3435844555; 8)
(3437601385; 9)
(3438548095; 8)
(3438560655; 9)
(3438562225; 8)
(3438563795; 9)
(3438565365; 8)
(3438576355; 9)
(3438588915; 8)
(3442528147; 9)
(3442598842; 8)
(3442603555; 9)
(3442605126; 8)
(3442606697; 9)
(3442612981; 8)
(3442622407; 9)
(3442639688; 8)
(3442649114; 9)
(3442661682; 8)
(3442671108; 9)
(3442795217; 8)
(3442796788; 9)
(3442803072; 8)
(3442814069; 9)
(3442832921; 8)
(3442900474; 9)
(3442961743; 8)
(3442964885; 9)
(3442971169; 8)
(3442974311; 9)
(3442977453; 8)
(3442983737; 9)
(3461674701; 8)
(3461677851; 9)
(3461690451; 8)
(3461745576; 9)
(3461750301; 8)
(3461810151; 9)
(3461811726; 8)
(3461813301; 9)
(3461879481; 8)
(3461882633; 9)
(3461890513; 8)
(3461896817; 9)
(3463097729; 8)
(3463104033; 9)
(3463105609; 8)
(3463110337; 9)
(3463113489; 8)
(3467465610; 9)
(3467471918; 8)
(3467520805; 9)
(3467531844; 8)
(3467533421; 9)
(3467534998; 8)
(3467585462; 9)
(3467587039; 8)
(3467598078; 9)
(3467599655; 8)
(3467784164; 9)
(3467806242; 8)
(3467908747; 9)
(3467910324; 8)
(3467911901; 9)
(3467915055; 8)
(3467948172; 9)
(3468971645; 8)
(3468976376; 9)
(3470722177; 8)
(3470728489; 9)
(3470733223; 8)
(3470736379; 9)
(3471258697; 8)
(3471263431; 9)
(3471274477; 8)
(3471279211; 9)
(3471438589; 8)
(3471457525; 9)
(3471547471; 8)
(3471552205; 9)
(3471558517; 8)
(3471561673; 9)
(3471563251; 8)
(3471609013; 9)
(3471612169; 8)
(3471616903; 9)
(3471623215; 8)
(3471624793; 9)
(3471877273; 8)
(3471883585; 9)
(3472006669; 8)
(3472865101; 9)
(3472866679; 8)
(3472872991; 9)
(3472874569; 8)
(3506177236; 9)
(3506180408; 8)
(3506181994; 9)
(3506183580; 8)
(3506186752; 9)
(3506189924; 8)
(3506191510; 9)
(3506193096; 8)
(3506269224; 9)
(3506270810; 8)
(3506281912; 9)
(3506283498; 8)
(3506286670; 9)
(3506288256; 8)
(3506451614; 9)
(3506469060; 8)
(3506497608; 9)
(3506499194; 8)
(3506500780; 9)
(3506505538; 8)
(3506608628; 9)
(3506616558; 8)
(3506618144; 9)
(3506626074; 8)
(3506651450; 9)
(3506653036; 8)
(3506841770; 9)
(3506870318; 8)
(3506878248; 9)
(3506879834; 8)
(3506881420; 9)
(3507044778; 8)
(3507046364; 9)
(3507047950; 8)
(3507071740; 9)
(3507078084; 8)
(3507081256; 9)
(3507086014; 8)
(3507603050; 9)
(3507604636; 8)
(3507610980; 9)
(3507614152; 8)
(3507615738; 9)
(3507617324; 8)
(3507628426; 9)
(3507633184; 8)
(3507837778; 9)
(3508426184; 8)
(3508434114; 9)
(3508442044; 8)
(3508443630; 9)
(3508445216; 8)
(3508446802; 9)
(3508451560; 8)
(3508465834; 9)
(3509598238; 8)
(3509599824; 9)
(3521421779; 10)
(3521428135; 9)
(3521431313; 10)
(3521432902; 9)
(3521456737; 10)
(3528588464; 9)
(3528944848; 10)
(3528948030; 9)
(3530189010; 10)
(3530192192; 9)
(3530200147; 10)
(3530203329; 9)
(3530225603; 10)
(3530241513; 9)
(3530243104; 10)
(3530244695; 9)
(3530249468; 10)
(3530251059; 9)
(3530252650; 10)
(3530254241; 9)
(3530255832; 10)
(3530260605; 9)
(3530847684; 10)
(3530855639; 9)
(3530862003; 10)
(3530863594; 9)
(3531173839; 10)
(3531183385; 9)
(3531184976; 10)
(3531194522; 9)
(3559804819; 10)
(3559806417; 9)
(3559919875; 10)
(3559924669; 9)
(3559926267; 10)
(3559935855; 9)
(3559937453; 10)
(3559939051; 9)
(3559940649; 10)
(3573276128; 11)
(3573290537; 10)
(3573292138; 11)
(3573344971; 10)
(3573348173; 11)
(3573351375; 10)
(3573352976; 11)
(3573357779; 10)
(3573370587; 11)
(3573380193; 10)
(3573383395; 11)
(3573389799; 10)
(3573433026; 11)
(3573434627; 10)
(3573436228; 11)
(3573442632; 10)
(3575387847; 11)
(3575389448; 10)
(3575392650; 11)
(3575394251; 10)
(3575395852; 11)
(3575458291; 10)
(3575464695; 11)
(3575467897; 10)
(3575469498; 11)
(3575474301; 10)
(3575507922; 11)
(3575568760; 10)
(3575570361; 11)
(3576143519; 10)
(3576156327; 11)
(3576173938; 10)
(3576177140; 11)
(3576185145; 10)
(3576186746; 11)
(3576188347; 10)
(3576189948; 11)
(3576204357; 10)
(3576215564; 11)
(3576220367; 10)
(3576236377; 11)
(3576237978; 10)
(3576374063; 11)
(3576526158; 10)
(3576527759; 11)
(3577044911; 10)
(3577054523; 11)
(3577057727; 10)
(3577059329; 11)
(3577060931; 10)
(3577120205; 11)
(3577121807; 10)
(3577123409; 11)
(3577129817; 10)
(3577141031; 11)
(3577142633; 10)
(3577168265; 11)
(3577173071; 10)
(3577177877; 11)
(3577479053; 10)
(3577487063; 11)
(3577488665; 10)
(3577520705; 11)
(3577988489; 10)
(3578062181; 11)
(3578207963; 10)
(3578209565; 11)
(3578223983; 10)
(3578488313; 11)
(3578489915; 10)
(3578738225; 11)
(3578741429; 10)
(3578743031; 11)
(3578749439; 10)
(3578755847; 11)
(3578776673; 10)
(3578789489; 11)
(3578792693; 10)
(3579063431; 11)
(3579065033; 10)
(3579066635; 11)
(3579089063; 10)
(3579095471; 11)
(3579097073; 10)
(3579100277; 11)
(3579106685; 10)
(3579121103; 11)
(3579122705; 10)
(3579124307; 11)
(3579125909; 10)
(3579127511; 11)
(3579137123; 10)
(3579473543; 11)
(3579475145; 10)
(3579646559; 11)
(3579648161; 10)
(3579660977; 11)
(3579664181; 10)
(3579667385; 11)
(3579686609; 10)
(3579688211; 11)
(3580069487; 10)
(3580080701; 11)
(3580122353; 10)
(3580125557; 11)
(3580141577; 10)
(3580143179; 11)
(3593111974; 10)
(3593118394; 11)
(3593219509; 10)
(3593221114; 11)
(3604484939; 12)
(3604488155; 11)
(3604607147; 12)
(3604610363; 11)
(3604616795; 12)
(3604629659; 11)
(3604690763; 12)
(3604692371; 11)
(3604698803; 12)
(3604714883; 11)
(3604716491; 12)
(3604780811; 11)
(3605017187; 12)
(3605020403; 11)
(3605052563; 12)
(3605055779; 11)
(3605070251; 12)
(3605071859; 11)
(3605099195; 12)
(3605100803; 11)
(3605102411; 12)
(3605311451; 11)
(3605319491; 12)
(3605324315; 11)
(3605325923; 12)
(3605353259; 11)
(3605359691; 12)
(3605361299; 11)
(3605374163; 12)
(3605398283; 11)
(3605401499; 12)
(3605409539; 11)
(3605425619; 12)
(3605427227; 11)
(3605435267; 12)
(3605443307; 11)
(3605448131; 12)
(3605449739; 11)
(3605452955; 12)
(3605454563; 11)
(3609261281; 12)
(3609266108; 11)
(3609277371; 12)
(3609278980; 11)
(3609304724; 12)
(3609307942; 11)
(3609711801; 12)
(3609713410; 11)
(3609715019; 12)
(3610014293; 11)
(3610040037; 12)
(3610131750; 11)
(3610136577; 12)
(3610139795; 11)
(3610141404; 12)
(3610170366; 11)
(3610175193; 12)
(3610181629; 11)
(3610184847; 12)
(3610218636; 11)
(3610220245; 12)
(3610221854; 11)
(3610249207; 12)
(3610250816; 11)
(3612234713; 12)
(3612237931; 11)
(3612241149; 12)
(3612282983; 11)
(3612337689; 12)
(3612344125; 11)
(3612366651; 12)
(3612368260; 11)
(3612369869; 12)
(3612371478; 11)
(3612379523; 12)
(3612389177; 11)
(3612392395; 12)
(3612394004; 11)
(3612400440; 12)
(3612514679; 11)
(3612556513; 12)
(3612582257; 11)
(3612593520; 12)
(3612595129; 11)
(3612598347; 12)
(3612599956; 11)
(3612604783; 12)
(3612606392; 11)
(3612609610; 12)
(3612677188; 11)
(3612678797; 12)
(3612682015; 11)
(3612889624; 12)
(3612891234; 11)
(3613061894; 12)
(3613063504; 11)
(3613068334; 12)
(3613069944; 11)
(3613219674; 12)
(3613221284; 11)
(3613224504; 12)
(3613238994; 11)
(3613242214; 12)
(3613259924; 11)
(3613285684; 12)
(3613287294; 11)
(3613425754; 12)
(3613427364; 11)
(3613432194; 12)
(3613448294; 11)
(3613451514; 12)
(3613453124; 11)
(3613454734; 12)
(3613469224; 11)
(3613475664; 12)
(3613546504; 11)
(3613548114; 12)
(3613549724; 11)
(3627378747; 12)
(3627402942; 11)
(3627404555; 12)
(3627406168; 11)
(3627407781; 12)
(3627430363; 11)
(3627431976; 12)
(3627443267; 11)
(3627525530; 12)
(3627540047; 11)
(3627546499; 12)
(3627615858; 11)
(3627648118; 12)
(3627651344; 11)
(3627738446; 12)
(3627764254; 11)
(3627788449; 12)
(3627796514; 11)
(3627802966; 12)
(3627804579; 11)
(3627828774; 12)
(3627830387; 11)
(3627844904; 12)
(3659689202; 11)
(3659690822; 12)
(3659700542; 11)
(3659705402; 12)
(3659708642; 11)
(3659843102; 12)
(3659844722; 11)
(3661923182; 12)
(3661932902; 11)
(3661934522; 12)
(3661936142; 11)
(3662020382; 12)
(3662030102; 11)
(3662031722; 12)
(3662047922; 11)
(3662049542; 12)
(3662051162; 11)
(3662056022; 12)
(3662067362; 11)
(3662068982; 12)
(3662154842; 11)
(3662174282; 12)
(3662175902; 11)
(3662177522; 12)
(3662182382; 11)
(3662184002; 12)
(3662185622; 11)
(3662190482; 12)
(3662195342; 11)
(3662205062; 12)
(3662209922; 11)
(3662222882; 12)
(3662224502; 11)
(3662227742; 12)
(3662380041; 11)
(3662388146; 12)
(3663078692; 11)
(3663083555; 12)
(3663086797; 11)
(3666712974; 12)
(3666714595; 11)
(3666716216; 12)
(3666742152; 11)
(3666743773; 12)
(3666745394; 11)
(3666750257; 12)
(3666764846; 11)
(3666782677; 12)
(3666784298; 11)
(3666787540; 12)
(3666789161; 11)
(3666821581; 12)
(3666824823; 11)
(3666828065; 12)
(3666836170; 11)
(3666839412; 12)
(3666905896; 11)
(3666909140; 12)
(3666982130; 11)
(3666998350; 12)
(3667168660; 11)
(3667170282; 12)
(3668260266; 11)
(3668268376; 12)
(3668269998; 11)
(3668271620; 12)
(3668273242; 11)
(3668274864; 12)
(3668276486; 11)
(3668281352; 12)
(3668304060; 11)
(3668307304; 12)
(3668386782; 11)
(3671353420; 12)
(3671355042; 11)
(3671358286; 12)
(3671361530; 11)
(3684180860; 10)
(3684182485; 11)
(3684187360; 10)
(3684188985; 11)
(3684192235; 10)
(3684193860; 11)
(3684250735; 10)
(3684253985; 11)
(3684439235; 10)
(3684444110; 11)
(3684536735; 10)
(3684593610; 11)
(3684845485; 10)
(3684851985; 11)
(3684853610; 10)
(3684855235; 11)
(3684856860; 10)
(3684860110; 11)
(3684863360; 10)
(3684868235; 11)
(3700194789; 12)
(3700202934; 11)
(3700204563; 12)
(3700206192; 11)
(3700211079; 12)
(3700215966; 11)
(3700303932; 12)
(3700307190; 11)
(3700318593; 12)
(3700320222; 11)
(3700328367; 12)
(3700329996; 11)
(3700331625; 12)
(3700821954; 11)
(3700826841; 12)
(3700830099; 11)
(3700892001; 12)
(3700984854; 11)
(3701041869; 12)
(3701043498; 11)
(3701090739; 12)
(3701116803; 11)
(3701120061; 12)
(3701121690; 11)
(3701123319; 12)
(3706955858; 11)
(3706970528; 12)
(3708938713; 11)
(3708940344; 12)
(3708946868; 11)
(3708948499; 12)
(3708950130; 11)
(3708951761; 12)
(3709046359; 11)
(3709047990; 12)
(3709049621; 11)
(3709056145; 12)
(3709061038; 11)
(3709080610; 12)
(3709083872; 11)
(3709147481; 12)
(3709154005; 11)
(3709155636; 12)
(3709157267; 11)
(3709158898; 12)
(3709198042; 11)
(3709202935; 12)
(3709207828; 11)
(3709219245; 12)
(3709240448; 11)
(3709291009; 12)
(3709445954; 11)
(3709450847; 12)
(3709454109; 11)
(3709459002; 12)
(3709460633; 11)
(3709470419; 12)
(3709488360; 11)
(3709489991; 12)
(3709499777; 11)
(3709501408; 12)
(3709584589; 11)
(3709592744; 12)
(3709602530; 11)
(3709607423; 12)
(3709613947; 11)
(3709622102; 12)
(3709821084; 11)
(3711290615; 12)
(3711293877; 11)
(3711295508; 12)
(3711297139; 11)
(3711298770; 12)
(3711300401; 11)
(3711838631; 12)
(3712004993; 11)
(3712006624; 12)
(3712047399; 11)
(3712050661; 12)
(3712052292; 11)
(3712053923; 12)
(3712060447; 11)
(3712189296; 12)
(3712262716; 11)
(3712264348; 12)
(3712265980; 11)
(3712277404; 12)
(3712279036; 11)
(3712280668; 12)
(3712303516; 11)
(3712308412; 12)
(3712321468; 11)
(3712344316; 12)
(3712365532; 11)
(3712367164; 12)
(3712370428; 11)
(3712372060; 12)
(3712373692; 11)
(3712385116; 12)
(3712388380; 11)
(3712434076; 12)
(3712435708; 11)
(3712465084; 12)
(3712466716; 11)
(3712484668; 12)
(3712486300; 11)
(3712512412; 12)
(3712515676; 11)
(3712518940; 12)
(3712527100; 11)
(3712533628; 12)
(3712540156; 11)
(3712876348; 12)
(3712877980; 11)
(3712884508; 12)
(3712886140; 11)
(3712887772; 12)
(3714226012; 11)
(3714229276; 12)
(3714270076; 11)
(3714271708; 12)
(3714273340; 11)
(3714274972; 12)
(3714289660; 11)
(3714294556; 12)
(3714296188; 11)
(3714299452; 12)
(3714302716; 11)
(3714304348; 12)
(3714305980; 11)
(3714307612; 12)
(3714940828; 11)
(3714942460; 12)
(3714947356; 11)
(3714984892; 12)
(3714989788; 11)
(3715004476; 12)
(3727660841; 11)
(3727662476; 12)
(3727665746; 11)
(3728197121; 12)
(3728198756; 11)
(3728205296; 12)
(3728208566; 11)
(3728210201; 12)
(3728211836; 11)
(3728213471; 12)
(3728215106; 11)
(3728216741; 12)
(3728264156; 11)
(3728269061; 12)
(3728270696; 11)
(3728277236; 12)
(3728494691; 11)
(3728661461; 12)
(3728663096; 11)
(3728666366; 12)
(3728668001; 11)
(3728674541; 12)
(3728677811; 11)
(3728679446; 12)
(3728746481; 11)
(3728748116; 12)
(3728749751; 11)
(3728751386; 12)
(3728865836; 11)
(3728869106; 12)
(3728872376; 11)
(3728875646; 12)
(3728905076; 11)
(3729086561; 12)
(3729088196; 11)
(3729089831; 12)
(3729091466; 11)
(3729104546; 12)
(3729253331; 11)
(3729274586; 12)
(3729279491; 11)
(3729315461; 12)
(3729317096; 11)
(3729336716; 12)
(3729341621; 11)
(3729353066; 12)
(3729354701; 11)
(3729361241; 12)
(3729369416; 11)
(3729372686; 12)
(3729375956; 11)
(3729379226; 12)
(3729387401; 11)
(3729389036; 12)
(3729402116; 11)
(3729418466; 12)
(3729420101; 11)
(3729501851; 12)
(3729503486; 11)
(3729511661; 12)
(3729539456; 11)
(3729876266; 12)
(3729881171; 11)
(3729884441; 12)
(3729890981; 11)
(3729904061; 12)
(3777619346; 11)
(3777780654; 12)
(3778123022; 11)
(3778126314; 12)
(3778134544; 11)
(3778136190; 12)
(3778142774; 11)
(3778159234; 12)
(3778160880; 11)
(3778162526; 12)
(3778164172; 11)
(3798794147; 12)
(3798795797; 11)
(3798800747; 12)
(3798863447; 11)
(3798879947; 12)
(3804191301; 11)
(3804204517; 12)
(3804206169; 11)
(3804211125; 12)
(3806915449; 11)
(3811855384; 12)
(3811857037; 11)
(3811866955; 12)
(3811868608; 11)
(3811881832; 12)
(3811883485; 11)
(3812587663; 12)
(3812589316; 11)
(3812590969; 12)
(3812592622; 11)
(3812627335; 12)
(3816674459; 11)
(3816676113; 12)
(3816679421; 11)
(3816686037; 12)
(3816719117; 11)
(3816720771; 12)
(3816826627; 11)
(3816831589; 12)
(3816848129; 11)
(3816851437; 12)
(3816853091; 11)
(3816920905; 12)
(3816922559; 11)
(3817030069; 12)
(3817053225; 11)
(3817058187; 12)
(3817101191; 11)
(3817106153; 12)
(3817107807; 11)
(3817109461; 12)
(3817114423; 11)
(3817116077; 12)
(3817208701; 11)
(3817210355; 12)
(3817347637; 11)
(3817349291; 12)
(3817350945; 11)
(3817392295; 12)
(3817400565; 11)
(3817410489; 12)
(3817412143; 11)
(3817413797; 12)
(3817711589; 11)
(3817726484; 12)
(3820028589; 11)
(3820038519; 12)
(3820043484; 11)
(3820114649; 12)
(3820116304; 11)
(3820129544; 12)
(3820136164; 11)
(3820374484; 12)
(3820384414; 11)
(3820391034; 12)
(3820392689; 11)
(3820402619; 12)
(3820482059; 11)
(3821509814; 12)
(3821511469; 11)
(3821592564; 12)
(3821614079; 11)
(3821620699; 12)
(3821624009; 11)
(3821625664; 12)
(3821633939; 11)
(3821638904; 12)
(3821642214; 11)
(3821660419; 12)
(3821665384; 11)
(3821678624; 12)
(3821680279; 11)
(3821681934; 12)
(3821695174; 11)
(3823400544; 12)
(3823402200; 11)
(3823599264; 12)
(3823602576; 11)
(3823604232; 12)
(3823605888; 11)
(3823693656; 12)
(3823708560; 11)
(3823829448; 12)
(3823836072; 11)
(3823837728; 12)
(3823839384; 11)
(3823852632; 12)
(3823953648; 11)
(3824606112; 12)
(3824662416; 11)
(3824664072; 12)
(3824794896; 11)
(3824799864; 12)
(3824803176; 11)
(3824919096; 12)
(3824920752; 11)
(3824922408; 12)
(3824924064; 11)
(3824927376; 12)
(3824930688; 11)
(3825030048; 12)
(3825031704; 11)
(3825033360; 12)
(3825035016; 11)
(3825036672; 12)
(3825094632; 11)
(3825111192; 12)
(3825112848; 11)
(3825114504; 12)
(3825119472; 11)
(3825121128; 12)
(3826712544; 11)
(3826714200; 12)
(3826720824; 11)
(3826724136; 12)
(3826725792; 11)
(3826729104; 12)
(3827317281; 11)
(3827318938; 12)
(3827335508; 11)
(3827345450; 12)
(3827347107; 11)
(3827366991; 12)
(3827370305; 11)
(3827373619; 12)
(3827375276; 11)
(3827400131; 12)
(3827408416; 11)
(3827531034; 12)
(3827560860; 11)
(3827562517; 12)
(3827564174; 11)
(3827572459; 12)
(3827794497; 11)
(3827796154; 12)
(3827802782; 11)
(3827835922; 12)
(3827865748; 11)
(3827872376; 12)
(3827882318; 11)
(3827883975; 12)
(3827885632; 11)
(3827887289; 12)
(3827888946; 11)
(3827961854; 12)
(3828541804; 11)
(3828672707; 12)
(3828704190; 11)
(3828707504; 12)
(3828714132; 11)
(3828773784; 12)
(3828823494; 11)
(3828836750; 12)
(3828841721; 11)
(3828851663; 12)
(3828864919; 11)
(3829448183; 12)
(3829449840; 11)
(3829464753; 12)
(3829466410; 11)
(3829481323; 12)
(3829484637; 11)
(3829486294; 12)
(3829572458; 11)
(3829585714; 12)
(3829592342; 11)
(3829602284; 12)
(3829605598; 11)
(3829661936; 12)
(3829663593; 11)
(3829671878; 12)
(3829673535; 11)
(3829678506; 12)
(3829680163; 11)
(3829685134; 12)
(3829700047; 11)
(3829701704; 12)
(3829705018; 11)
(3829723245; 12)
(3830579914; 11)
(3830591513; 12)
(3830596484; 11)
(3830601455; 12)
(3830604769; 11)
(3830606426; 12)
(3830608083; 11)
(3830609740; 12)
(3830647851; 11)
(3830651165; 12)
(3830709160; 11)
(3830717445; 12)
(3830720759; 11)
(3830735672; 12)
(3830737329; 11)
(3830738986; 12)
(3830740643; 11)
(3830742300; 12)
(3830743957; 11)
(3834193831; 12)
(3834331445; 11)
(3834333103; 12)
(3834334761; 11)
(3834338077; 12)
(3834341393; 11)
(3834343051; 12)
(3834401081; 11)
(3845608092; 10)
(3845618058; 11)
(3845667888; 10)
(3845677854; 11)
(3845679515; 10)
(3845719379; 11)
(3845726023; 10)
(3845727684; 11)
(3845747616; 10)
(3845750938; 11)
(3845765887; 10)
(3845770870; 11)
(3847393667; 10)
(3847401972; 11)
(3847494988; 10)
(3847496649; 11)
(3847508276; 10)
(3847588004; 11)
(3847727528; 10)
(3847729189; 11)
(3847730850; 10)
(3847734172; 11)
(3847735833; 10)
(3847737494; 11)
(3847744138; 10)
(3847800612; 11)
(3847810578; 10)
(3847818883; 11)
(3847823866; 10)
(3847845459; 11)
(3847847120; 10)
(3847850442; 11)
(3847893628; 10)
(3847896950; 11)
(3847908577; 10)
(3848144439; 11)
(3851247965; 10)
(3851500589; 11)
(3851502251; 10)
(3851520533; 11)
(3851729945; 10)
(3851731607; 11)
(3851733269; 10)
(3851734931; 11)
(3851741579; 10)
(3851743241; 11)
(3851748227; 10)
(3872621296; 11)
(3872656282; 10)
(3872667944; 11)
(3872669610; 10)
(3872671276; 11)
(3872677940; 10)
(3872699598; 11)
(3872711260; 10)
(3872712926; 11)
(3872727920; 10)
(3872732918; 11)
(3872741248; 10)
(3872742914; 11)
(3872746246; 10)
(3872759574; 11)
(3872839542; 10)
(3872874528; 11)
(3872876194; 10)
(3872879526; 11)
(3872881192; 10)
(3872887856; 11)
(3872889522; 10)
(3872892854; 11)
(3872897852; 10)
(3872902850; 11)
(3872921176; 10)
(3873837886; 11)
(3873839553; 10)
(3873841220; 11)
(3873844554; 10)
(3873847888; 11)
(3873879561; 10)
(3873882895; 11)
(3873886229; 10)
(3873922903; 11)
(3873929571; 10)
(3873932905; 11)
(3873941240; 10)
(3873949575; 11)
(3873956243; 10)
(3873961244; 11)
(3873966245; 10)
(3874062931; 11)
(3874217962; 10)
(3874222963; 11)
(3874244634; 10)
(3874376327; 11)
(3874384662; 10)
(3874386329; 11)
(3874392997; 10)
(3874573033; 11)
(3874574700; 10)
(3874581368; 11)
(3874589703; 10)
(3874593037; 11)
(3874701392; 10)
(3874711394; 11)
(3874713061; 10)
(3874716395; 11)
(3874718062; 10)
(3874726397; 11)
(3874731398; 10)
(3874829751; 11)
(3874834752; 10)
(3874986449; 11)
(3875344854; 10)
(3875349855; 11)
(3875638246; 10)
(3875646581; 11)
(3875656583; 10)
(3875658250; 11)
(3875668252; 10)
(3875669919; 11)
(3875674920; 10)
(3875676587; 11)
(3875678254; 10)
(3875679921; 11)
(3877545294; 10)
(3877586969; 11)
(3877588636; 10)
(3877680321; 11)
(3877685322; 10)
(3877688656; 11)
(3877701992; 10)
(3916207726; 9)
(3916209402; 10)
(3916226162; 9)
(3916241246; 10)
(3916242922; 9)
(3916298230; 10)
(3916316666; 9)
(3916318342; 10)
(3916323370; 9)
(3916326722; 10)
(3916328398; 9)
(3916333426; 10)
(3916382030; 9)
(3916383706; 10)
(3916390410; 9)
(3916392086; 10)
(3916393762; 9)
(3916397114; 10)
(3916398790; 9)
(3916400466; 10)
(3916402142; 9)
(3916405494; 10)
(3916407170; 9)
(3916410522; 10)
(3916415550; 9)
(3916439014; 10)
(3916457450; 9)
(3916631754; 10)
(3916635106; 9)
(3916636782; 10)
(3916645162; 9)
(3916646838; 10)
(3916648514; 9)
(3916651866; 10)
(3916653542; 9)
(3916655218; 10)
(3916675330; 9)
(3916678682; 10)
(3916680358; 9)
(3916682034; 10)
(3916683710; 9)
(3916685386; 10)
(3916692090; 9)
(3916797678; 10)
(3916802706; 9)
(3917283718; 10)
(3917285394; 9)
(3917290422; 10)
(3917305506; 9)
(3917313886; 10)
(3917318914; 9)
(3917325618; 10)
(3917846854; 9)
(3918301050; 10)
(3918311106; 9)
(3918312782; 10)
(3918316134; 9)
(3918391554; 10)
(3918436806; 9)
(3918438482; 10)
(3918441834; 9)
(3918448538; 10)
(3918460270; 9)
(3918461946; 10)
(3918466974; 9)
(3918480382; 10)
(3918490438; 9)
(3918492114; 10)
(3918495466; 9)
(3918497142; 10)
(3918498818; 9)
(3918500494; 10)
(3918523958; 9)
(3918530662; 10)
(3918547422; 9)
(3918549098; 10)
(3918567534; 9)
(3918572562; 10)
(3918574238; 9)
(3918601054; 10)
(3918606082; 9)
(3918609434; 10)
(3918611110; 9)
(3918614462; 10)
(3918782062; 9)
(3918785414; 10)
(3918934578; 9)
(3918936254; 10)
(3918942958; 9)
(3918944634; 10)
(3919051898; 9)
(3919155810; 10)
(3919157486; 9)
(3919165866; 10)
(3919167542; 9)
(3919180950; 10)
(3919214470; 9)
(3919219498; 10)
(3919221174; 9)
(3919224526; 10)
(3919226202; 9)
(3919231230; 10)
(3919234582; 9)
(3919236258; 10)
(3919402182; 9)
(3919437378; 10)
(3919454138; 9)
(3919475926; 10)
(3919504418; 9)
(3919524530; 10)
(3919539614; 9)
(3919541290; 10)
(3919561402; 9)
(3919569782; 10)
(3919893328; 9)
(3919898359; 10)
(3920267299; 9)
(3920268976; 10)
(3920289100; 9)
(3920300839; 10)
(3920307547; 9)
(3920312578; 10)
(3920315932; 9)
(3920327671; 10)
(3920332702; 9)
(3920483632; 10)
(3920490340; 9)
(3920565805; 10)
(3920842510; 9)
(3920844187; 10)
(3920850895; 9)
(3920884435; 10)
(3920904559; 9)
(3920906236; 10)
(3920924683; 9)
(3920928037; 10)
(3920929714; 9)
(3920938099; 10)
(3920946484; 9)
(3920948161; 10)
(3920953192; 9)
(3941801125; 8)
(3942108748; 9)
(3942110429; 8)
(3942123877; 9)
(3942276848; 8)
(3942328959; 9)
(3942330640; 8)
(3942332321; 9)
(3942349131; 8)
(3942402923; 9)
(3942433181; 8)
(3942434862; 9)
(3943176186; 8)
(3943177868; 9)
(3943179550; 8)
(3943588276; 9)
(3943591640; 8)
(3943595004; 9)
(3943600050; 8)
(3943603414; 9)
(3943749748; 8)
(3943763204; 9)
(3943769932; 8)
(3943773296; 9)
(3943774978; 8)
(3943778342; 9)
(3943781706; 8)
(3943788434; 9)
(3943870852; 8)
(3946802578; 9)
(3946805942; 8)
(3946816034; 9)
(3946817716; 8)
(3946822762; 9)
(3946824444; 8)
(3946829490; 9)
(3947655352; 8)
(3947657034; 9)
(3947697402; 8)
(3947699084; 9)
(3947744498; 8)
(3947764682; 9)
(3947789912; 8)
(3966469067; 9)
(3966470753; 8)
(3966472439; 9)
(3966487613; 8)
(3966556739; 9)
(3966560111; 8)
(3966565169; 9)
(3966735506; 8)
(3966738880; 9)
(3966745628; 8)
(3966862031; 9)
(3966863718; 8)
(3966867092; 9)
(3966870466; 8)
(3966937946; 9)
(3966941320; 8)
(3966946381; 9)
(3967030731; 8)
(3967049288; 9)
(3967050975; 8)
(3967054349; 9)
(3968577710; 8)
(3968579397; 9)
(3968592893; 8)
(3968594580; 9)
(3968599641; 8)
(3968611450; 9)
(3968624946; 8)
(3968626633; 9)
(3968655312; 8)
(3968824012; 9)
(3970141559; 8)
(3970144933; 9)
(3970149994; 8)
(3970153368; 9)
(3970155055; 8)
(3970246153; 9)
(3970249527; 8)
(3970251214; 9)
(3970252901; 8)
(3970254588; 9)
(3970257962; 8)
(3970259649; 9)
(3970268084; 8)
(3970269771; 9)
(3970271458; 8)
(3970308572; 9)
(3970323755; 8)
(3970325442; 9)
(3970327129; 8)
(3970328816; 9)
(3970335564; 8)
(3970337251; 9)
(3970350747; 8)
(3970352434; 9)
(3970399670; 8)
(3970443532; 9)
(3970517760; 8)
(3970519447; 9)
(3970522821; 8)
(3970524508; 9)
(3970526195; 8)
(3970534630; 9)
(3970538004; 8)
(3970553187; 9)
(3970580179; 8)
(3970581866; 9)
(3970785993; 8)
(3970799489; 9)
(3970802863; 8)
(3970804550; 9)
(3979110991; 8)
(3979112680; 9)
(3979114369; 8)
(3979116058; 9)
(3979117747; 8)
(3979132948; 9)
(3979136326; 8)
(3979166728; 9)
(3979207264; 8)
(3979212331; 9)
(3979217398; 8)
(3979222465; 9)
(3979224154; 8)
(3979225843; 9)
(3979227532; 8)
(3979230910; 9)
(3979242733; 8)
(3979286647; 9)
(3979288336; 8)
(3979290025; 9)
(3979291714; 8)
(3979340695; 9)
(3979342384; 8)
(3979344073; 9)
(3979345762; 8)
(3979352518; 9)
(3979597423; 8)
(3979599112; 9)
(3979636270; 8)
(3979646404; 9)
(3994234620; 10)
(3994241388; 9)
(3994243080; 10)
(3994246464; 9)
(3994337832; 10)
(3994437660; 9)
(3994439352; 10)
(3994441044; 9)
(3994520568; 10)
(3994523952; 9)
