(624000000001; -1)
(624264213553; -2)
(624264234716; -1)
(624264340531; -2)
(624264361694; -1)
(624264425183; -2)
(624264467509; -1)
(624265292866; -2)
(624265377518; -1)
(624265398681; -2)
(624265673800; -1)
(624265779615; -2)
(624477914427; -1)
(624478549437; -2)
(624478739940; -1)
(624478782274; -2)
(624478803441; -1)
(624480750805; -2)
(624480856640; -1)
(624480962475; -2)
(624481131811; -1)
(624481301147; -2)
(624483185010; -1)
(624483206177; -2)
(624483269678; -1)
(624483333179; -2)
(624483354346; -1)
(624483417847; -2)
(624483481348; -1)
(624484645533; -2)
(624485026539; -1)
(624485090040; -2)
(624485111207; -1)
(624485195875; -2)
(624485217042; -1)
(624485386378; -2)
(624486910402; -1)
(624486973903; -2)
(624487185573; -1)
(624487206740; -2)
(624487227907; -1)
(624487672414; -2)
(624487778249; -1)
(624487820583; -2)
(624487841750; -1)
(624487905251; -2)
(624487989919; -1)
(624488074587; -2)
(624488138088; -1)
(624488286257; -2)
(624488307424; -1)
(624488413259; -2)
(624488455593; -1)
(624489429275; -2)
(624489450442; -1)
(624489619778; -2)
(624489640945; -1)
(624489662112; -2)
(624489683279; -1)
(624489852615; -2)
(624490508792; -1)
(624491122635; -2)
(624491397806; -1)
(624491482474; -2)
(624491503641; -1)
(624491567142; -2)
(624491630643; -1)
(624491672977; -2)
(624491715311; -1)
(624494721025; -2)
(624495207866; -1)
(624502214143; -2)
(624503462996; -1)
(624503971004; -2)
(624503992171; -1)
(624506892050; -2)
(624507400058; -1)
(624507421225; -2)
(624507463559; -1)
(624508140903; -2)
(624508162070; -1)
(624508204404; -2)
(624508945249; -1)
(624509029917; -2)
(624509051084; -1)
(624509072251; -2)
(624540759766; -1)
(624540823270; -2)
(624541352470; -1)
(624544231318; -2)
(624548591926; -1)
(624559578118; -2)
(624560043814; -1)
(624560149654; -2)
(624560276662; -1)
(624561123382; -2)
(624561398566; -1)
(624561483238; -2)
(624561504406; -1)
(624561525574; -2)
(624563028502; -1)
(624563663542; -2)
(624563684710; -1)
(624564340918; -2)
(624565886182; -1)
(624572003734; -2)
(624572215414; -1)
(624572300086; -2)
(624572448262; -1)
(624572575270; -2)
(624572617606; -1)
(624572638774; -2)
(624572681110; -1)
(624578248294; -2)
(624579222022; -1)
(624580428598; -2)
(624580682614; -1)
(624580703782; -2)
(624580809622; -1)
(624580873126; -2)
(624581338822; -1)
(624581381158; -2)
(624583222774; -1)
(624583413286; -2)
(624584175334; -1)
(624587837398; -2)
(624588006742; -1)
(624589255673; -2)
(624589382687; -1)
(624589403856; -2)
(624589425025; -1)
(624589467363; -2)
(624589636715; -1)
(624589763729; -2)
(624589954250; -1)
(624589996588; -2)
(624591076207; -1)
(624591287897; -2)
(624591351404; -1)
(624591457249; -2)
(624591732446; -1)
(624592049981; -2)
(624592092319; -1)
(624597829118; -2)
(624597850287; -1)
(624597977301; -2)
(624598040808; -1)
(624598061977; -2)
(624599607314; -1)
(624599628483; -2)
(624599649652; -1)
(624599670821; -2)
(624599734328; -1)
(624599776666; -2)
(624600178877; -1)
(624600221215; -2)
(624600263553; -1)
(624600305891; -2)
(624600369398; -1)
(624601851228; -2)
(624601935904; -1)
(624601957073; -2)
(624602147594; -1)
(624602189932; -2)
(624602211101; -1)
(624602274608; -2)
(624602295777; -1)
(624602422791; -2)
(624602443960; -1)
(624602613312; -2)
(624602634481; -1)
(624603057861; -2)
(624603079030; -1)
(624603121368; -2)
(624603227213; -1)
(624603311889; -2)
(624603333058; -1)
(624603417734; -2)
(624603438903; -1)
(624604306832; -2)
(624604349170; -1)
(624604370339; -2)
(624604455015; -1)
(624604645536; -2)
(624604709043; -1)
(624604730212; -2)
(624610509349; -1)
(624610530518; -2)
(624610678701; -1)
(624610763377; -2)
(624610890391; -1)
(624610932729; -2)
(624610953898; -1)
(624611059743; -2)
(624611229095; -1)
(624611250264; -2)
(624611292602; -1)
(624611377278; -2)
(624611504292; -1)
(624611546630; -2)
(624611588968; -1)
(624616711866; -2)
(624616754204; -1)
(624680072205; -2)
(624699739135; -1)
(624699760305; -2)
(624700353065; -1)
(624700480085; -2)
(624700564765; -1)
(624700585935; -2)
(624703507395; -1)
(624704036645; -2)
(624704057815; -1)
(624704100155; -2)
(624704184835; -1)
(624704671745; -2)
(624704756425; -1)
(624705624395; -2)
(624705666735; -1)
(624705687905; -2)
(624705751415; -1)
(624705920775; -2)
(624706111305; -1)
(624706132475; -2)
(624709159893; -1)
(624709181064; -2)
(624709202235; -1)
(624709223406; -2)
(624709308090; -1)
(624709350432; -2)
(624709413945; -1)
(624709435116; -2)
(624709985562; -1)
(624710006733; -2)
(624710049075; -1)
(624710091417; -2)
(624710133759; -1)
(624710536008; -2)
(624710557179; -1)
(624710578350; -2)
(624710663034; -1)
(624710705376; -2)
(624710768889; -1)
(624710790060; -2)
(624718835040; -1)
(624722370597; -2)
(624722476452; -1)
(624722561136; -2)
(624722582307; -1)
(624722603478; -2)
(624722624649; -1)
(624722645820; -2)
(624724085448; -1)
(624724170132; -2)
(624724233645; -1)
(624724360671; -2)
(624726456600; -1)
(624726541284; -2)
(624726562455; -1)
(624726625968; -2)
(624726752994; -1)
(624727303440; -2)
(624727345782; -1)
(624727366953; -2)
(624727409295; -1)
(624732447993; -2)
(624738058308; -1)
(624738079479; -2)
(624738312360; -1)
(624738333531; -2)
(624746484366; -1)
(624746526708; -2)
(624746590221; -1)
(624746801931; -2)
(624747161838; -1)
(624747183009; -2)
(624748199217; -1)
(624748262730; -2)
(624748368585; -1)
(624748410927; -2)
(624748432098; -1)
(624748453269; -2)
(624748516782; -1)
(624748622637; -2)
(624748770834; -1)
(624748792005; -2)
(624748897860; -1)
(624749046057; -2)
(624749236596; -1)
(624749532990; -2)
(624749554161; -1)
(624749617674; -2)
(624749702358; -1)
(624749723529; -2)
(624749808213; -1)
(624749850555; -2)
(624749871726; -1)
(624749892897; -2)
(624801445961; -1)
(624801488305; -2)
(624801509477; -1)
(624801975261; -2)
(624802081121; -1)
(624802250497; -2)
(624803012689; -1)
(624803118549; -2)
(624803139721; -1)
(624803203237; -2)
(624803224409; -1)
(624803478473; -2)
(624804579417; -1)
(624804685277; -2)
(624804727621; -1)
(624804748793; -2)
(624804769965; -1)
(624804791137; -2)
(624804812309; -1)
(624804833481; -2)
(624804939341; -1)
(624805193405; -2)
(624806463725; -1)
(624806633101; -2)
(624806696617; -1)
(624806760133; -2)
(624806844821; -1)
(624806865993; -2)
(624810909845; -1)
(624810952189; -2)
(624811058049; -1)
(624811079221; -2)
(624811185081; -1)
(624811206253; -2)
(624811439145; -1)
(624811460317; -2)
(624811481489; -1)
(624811545005; -2)
(624812878841; -1)
(624812900013; -2)
(624812942357; -1)
(624813196421; -2)
(624813238765; -1)
(624813259937; -2)
(624813302281; -1)
(624813408141; -2)
(624813450485; -1)
(624813514001; -2)
(624813577517; -1)
(624813598689; -2)
(624813852753; -1)
(624813873925; -2)
(624814212677; -1)
(624814233849; -2)
(624814255021; -1)
(624814318537; -2)
(624814339709; -1)
