(137000000001; 2)
(137009051483; 3)
(137009061397; 2)
(137011103681; 3)
(137011133423; 2)
(137011420929; 3)
(137011480413; 2)
(137011500241; 3)
(137011579553; 2)
(137011589467; 3)
(137011629123; 2)
(137011639037; 3)
(137011787747; 2)
(137012313189; 3)
(137012323103; 2)
(137012333017; 3)
(137012342931; 2)
(137012362759; 3)
(137012392501; 2)
(137012511469; 3)
(137012590781; 2)
(137012640351; 3)
(137013136051; 2)
(137013155879; 3)
(137013165793; 2)
(137013225277; 3)
(137013274847; 2)
(137013294675; 3)
(137013324417; 2)
(137013344245; 3)
(137013542525; 2)
(137013562353; 3)
(137015287389; 2)
(137015297303; 3)
(137015346873; 2)
(137016110251; 3)
(137016159821; 2)
(137016179649; 3)
(137016209391; 2)
(137017290017; 3)
(137017359415; 2)
(137017508125; 3)
(137017646921; 2)
(137017666749; 3)
(137017716319; 2)
(137017914599; 3)
(137017944341; 2)
(137017954255; 3)
(137017993911; 2)
(137018033567; 3)
(137019203497; 2)
(137019312562; 3)
(137023566097; 2)
(137041799782; 3)
(137041889017; 2)
(137042117062; 3)
(137042186467; 2)
(137042196382; 3)
(137042959837; 2)
(137042969752; 3)
(137044447087; 2)
(137044466917; 3)
(137044962667; 2)
(137045101477; 3)
(137045111392; 2)
(137045131222; 3)
(137045180797; 2)
(137045270032; 3)
(137046806931; 2)
(137046945755; 3)
(137046955671; 2)
(137046965587; 3)
(137046975503; 2)
(137046995335; 3)
(137047025083; 2)
(137047044915; 3)
(137047064747; 2)
(137047084579; 3)
(137047352311; 2)
(137047739035; 3)
(137047748951; 2)
(137047758867; 3)
(137047768783; 2)
(137047778699; 3)
(137047798531; 2)
(137049613159; 3)
(137049623075; 2)
(137049692487; 3)
(137049831311; 2)
(137049851143; 3)
(137050148623; 2)
(137079569986; 3)
(137079589820; 2)
(137079629488; 3)
(137088882049; 2)
(137088891966; 3)
(137090389433; 2)
(137090478686; 3)
(137090567939; 2)
(137090756362; 3)
(137090796030; 2)
(137090825781; 3)
(137090835698; 2)
(137090875366; 3)
(137090885283; 2)
(137091024121; 3)
(137091034038; 2)
(137091063789; 3)
(137091083623; 2)
(137091103457; 3)
(137091688560; 2)
(137091817481; 3)
(137092253829; 2)
(137092273663; 3)
(137092333165; 2)
(137092352999; 3)
(137120439867; 2)
(137120449785; 3)
(137120459703; 2)
(137120539047; 3)
(137120558883; 2)
(137174152151; 3)
(137174350551; 2)
(137174360471; 3)
(137174380311; 2)
(137176235351; 3)
(137176275031; 2)
(137176284951; 3)
(137176384151; 2)
(137176394071; 3)
(137176513111; 2)
(137176532951; 3)
(137176572631; 2)
(137176632151; 3)
(137176642071; 2)
(137176681751; 3)
(137176701591; 2)
(137177038871; 3)
(137177048791; 2)
(137177237271; 3)
(137177872151; 2)
(137178050711; 3)
(137178060631; 2)
(137178080471; 3)
(137178100311; 2)
(137178120151; 3)
(137178298711; 2)
(137178318551; 3)
(137178497111; 2)
(137178556631; 3)
(137178566551; 2)
(137179965271; 3)
(137179975191; 2)
(137179985111; 3)
(137180064471; 2)
(137180074391; 3)
(137180084311; 2)
(137184945175; 3)
(137184955096; 2)
(137185074148; 3)
(137185133674; 2)
(137185332094; 3)
(137185342015; 2)
(137185510672; 3)
(137185530514; 2)
(137185550356; 3)
(137185976959; 2)
(137186026564; 3)
(137186036485; 2)
(137186046406; 3)
(137186135695; 2)
(137186145616; 3)
(137186443246; 2)
(137186453167; 3)
(137186522614; 2)
(137186592061; 3)
(137186611903; 2)
(137186631745; 3)
(137186651587; 2)
(137186691271; 3)
(137198596471; 2)
(137198606392; 3)
(137198646076; 2)
(137198655997; 3)
(137198665918; 2)
(137200084621; 3)
(137200094542; 2)
(137200114384; 3)
(137200392172; 2)
(137200402093; 3)
(137200977511; 2)
(137233411421; 3)
(137233480875; 2)
(137233490797; 3)
(137233540407; 2)
(137233560251; 3)
(137233639627; 2)
(137233659471; 3)
(137233778535; 2)
(137233808301; 3)
(137233838067; 2)
(137233847989; 3)
(137233967053; 2)
(137286679412; 3)
(137287761128; 2)
(137288316872; 3)
(137288356568; 2)
(137288386340; 3)
(137290113116; 2)
(137290132964; 3)
(137290202432; 2)
(137290271900; 3)
(137290291748; 2)
(137290321520; 3)
(137290837568; 2)
(137290976504; 3)
(137291016200; 2)
(137291026124; 3)
(137291036048; 2)
(137291045972; 3)
(137291055896; 2)
(137762748297; 3)
(137762758238; 2)
(137762768179; 3)
(137762778120; 2)
(137762817884; 3)
(137762837766; 2)
(137762847707; 3)
(137762887471; 2)
(137762907353; 3)
(137763066409; 2)
(137763096232; 3)
(137763374580; 2)
(137763623105; 3)
(137763722515; 2)
(137918365310; 3)
(137918474727; 2)
(137923836160; 3)
(137924631920; 2)
(137924671708; 3)
(137924741337; 2)
(137924761231; 3)
(137924771178; 2)
(137924801019; 3)
(137925149164; 2)
(137925815613; 3)
(137925865348; 2)
(137925885242; 3)
(137926511903; 2)
(137926531797; 3)
(137926641214; 2)
(137926671055; 3)
(137926750631; 2)
(137926760578; 3)
(137926770525; 2)
(137926790419; 3)
(137926810313; 2)
(137927725437; 3)
(137928053688; 2)
(137928083529; 3)
(137928093476; 2)
(137928342151; 3)
(137928352098; 2)
(137928371992; 3)
(137928491356; 2)
(137928501303; 3)
(137929108070; 2)
(137929157805; 3)
(137929197593; 2)
(137929217487; 3)
(137929426374; 2)
(137929436321; 3)
(137929873989; 2)
(137929883936; 3)
(137929993353; 2)
(137930023194; 3)
(137930043088; 2)
(137930053035; 3)
(137930122664; 2)
(137930271869; 3)
(137932977549; 2)
(137932987497; 3)
(137933037237; 2)
(137933047185; 3)
(137933057133; 2)
(137933077029; 3)
(137933086977; 2)
(137933096925; 3)
(137933445105; 2)
(137933474949; 3)
(137933564481; 2)
(137933574429; 3)
(137933584377; 2)
(137933713701; 3)
(137933723649; 2)
(137936051481; 3)
(137936091273; 2)
(137936160909; 3)
(137936499141; 2)
(137941572621; 3)
(137942438097; 2)
(137942656953; 3)
(137943472689; 2)
(137943482637; 3)
(137947760277; 2)
