(20000000001; 6)
(20000280313; 5)
(20000287889; 6)
(20000299253; 5)
(20000310617; 6)
(20000314405; 5)
(20000390165; 6)
(20000393953; 5)
(20000446985; 6)
(20000450773; 5)
(20001030337; 6)
(20001746269; 5)
(20001753845; 6)
(20001890213; 5)
(20001894001; 6)
(20001897789; 5)
(20002159161; 6)
(20002166737; 5)
(20002174313; 6)
(20002420533; 5)
(20002507657; 6)
(20002519021; 5)
(20002522809; 6)
(20002556901; 5)
(20003348593; 6)
(20003352381; 5)
(20003356169; 6)
(20003359957; 5)
(20003477385; 6)
(20003481173; 5)
(20003488749; 6)
(20013990190; 5)
(20013993979; 6)
(20014009135; 5)
(20014312255; 6)
(20014327411; 5)
(20014842715; 6)
(20016911509; 5)
(20016945610; 6)
(20016979711; 5)
(20016987289; 6)
(20017028968; 5)
(20017032757; 6)
(20017040335; 5)
(20017059280; 6)
(20017472281; 5)
(20017476070; 6)
(20017479859; 5)
(20017491226; 6)
(20017495015; 5)
(20017498804; 6)
(20017506382; 5)
(20017513960; 6)
(20017517749; 5)
(20017521538; 6)
(20017525327; 5)
(20017536694; 6)
(20017733722; 5)
(20017752667; 6)
(20017756456; 5)
(20104362194; 4)
(20104377382; 5)
(20104441931; 4)
(20104464713; 5)
(20104468510; 4)
(20104472307; 5)
(20104498886; 4)
(20104677345; 5)
(20104688736; 4)
(20104696330; 5)
(20105353311; 4)
(20105360907; 5)
(20108148639; 4)
(20108452479; 5)
(20108498055; 4)
(20108501853; 5)
(20108505651; 4)
(20108509449; 5)
(20108513247; 4)
(20108517045; 5)
(20108532237; 4)
(20108551227; 5)
(20108570217; 4)
(20108574015; 5)
(20108585409; 4)
(20108593005; 5)
(20109029775; 4)
(20109056361; 5)
(20109060159; 4)
(20109162705; 5)
(20109166503; 4)
(20109170301; 5)
(20109174099; 4)
(20109177897; 5)
(20109193089; 4)
(20109196887; 5)
(20109215877; 4)
(20109234867; 5)
(20109238665; 4)
(20109242463; 5)
(20109253857; 4)
(20109261453; 5)
(20109265251; 4)
(20109269049; 5)
(20109447555; 4)
(20109474141; 5)
(20109652647; 4)
(20109656445; 5)
(20109664041; 4)
(20109736203; 5)
(20110659117; 4)
(20110678107; 5)
(20110704693; 4)
(20110712289; 5)
(20110727481; 4)
(20110731279; 5)
(20115999220; 4)
(20116003019; 5)
(20116010617; 4)
(20116025813; 5)
(20116033411; 4)
(20116276547; 5)
(20116280346; 4)
(20116306939; 5)
(20116310738; 4)
(20116394316; 5)
(20116398115; 4)
(20116401914; 5)
(20116436105; 4)
(20116614658; 5)
(20116633653; 4)
(20116648849; 5)
(20116664045; 4)
(20117009754; 5)
(20117013553; 4)
(20117062940; 5)
(20117070538; 4)
(20117078136; 5)
(20117081935; 4)
(20117085734; 5)
(20117097131; 4)
(20117100930; 5)
(20117104729; 4)
(20117161714; 5)
(20117165513; 4)
(20117173111; 5)
(20146209036; 4)
(20146212837; 5)
(20146231842; 4)
(20146425693; 5)
(20146444698; 4)
(20146448499; 5)
(20146452300; 4)
(20146459902; 5)
(20153295665; 4)
(20153310873; 5)
(20153348893; 4)
(20153356497; 5)
(20153360299; 4)
(20153383111; 5)
(20153386913; 4)
(20153421131; 5)
(20153466755; 4)
(20153470557; 5)
(20153565607; 4)
(20153577013; 5)
(20154348819; 4)
(20154417255; 5)
(20190146576; 4)
(20190203666; 5)
(20329280060; 4)
(20329283879; 5)
(20329306793; 4)
(20329318250; 5)
(20329322069; 4)
(20329383173; 5)
(20329440458; 4)
(20329463372; 5)
(20329467191; 4)
(20329513019; 5)
(20329520657; 4)
(20329528295; 5)
(20329532114; 4)
(20329627589; 5)
(20329631408; 4)
(20329658141; 5)
(20329661960; 4)
(20329681055; 5)
(20329684874; 4)
(20331025343; 5)
(20404006621; 6)
(20404014273; 5)
(20404025751; 6)
(20404060185; 5)
(20404064011; 6)
(20404113749; 5)
(20404132879; 6)
(20404152009; 5)
(20404167313; 6)
(20404255311; 5)
(20404259137; 6)
(20404266789; 5)
(20404362439; 6)
(20404385395; 5)
(20404389221; 6)
(20404393047; 5)
(20404396873; 6)
(20405097031; 5)
(20405269201; 6)
(20409959877; 5)
(20409975181; 6)
(20410028745; 5)
(20410032571; 6)
(20410040223; 5)
(20410124395; 6)
(20410139699; 5)
(20434152197; 6)
(20434156025; 5)
(20434286177; 6)
(20434316801; 5)
(20438275936; 6)
(20438279765; 5)
(20438287423; 6)
(20438394635; 5)
(20438398464; 6)
(20438551624; 5)
(20438624375; 6)
(20438647349; 5)
(20438658836; 6)
(20438685639; 5)
(20438689468; 6)
(20438731587; 5)
(20438743074; 6)
(20438754561; 5)
(20438758390; 6)
(20438919208; 5)
(20438949840; 6)
(20439045565; 5)
(20439057052; 6)
(20439076197; 5)
(20439087684; 6)
(20439091513; 5)
(20439095342; 6)
(20439271476; 5)
(20439309766; 6)
(20439321253; 5)
(20439363372; 6)
(20440270845; 5)
(20440274674; 6)
(20442085791; 5)
(20442193003; 6)
(20442196832; 5)
(20442200661; 6)
(20442235122; 5)
(20442238951; 6)
(20506773911; 7)
(20507540911; 6)
(20507778681; 7)
(20507817031; 6)
(20507916741; 7)
(20508043296; 6)
(20508047131; 7)
(20508073976; 6)
(20508081646; 7)
(20508085481; 6)
(20508089316; 7)
(20508181356; 6)
(20508733596; 7)
(20508737431; 6)
(20508741266; 7)
(20509071076; 6)
(20509074911; 7)
(20509078746; 6)
(20509109426; 7)
(20509113261; 6)
(20509163116; 7)
(20509166951; 6)
(20513275273; 7)
(20513367337; 6)
(20514218929; 7)
(20514222765; 6)
(20514234273; 7)
(20514249617; 6)
(20514502793; 7)
(20514514301; 6)
(20514518137; 7)
(20514525809; 6)
(20514529645; 7)
(20514725281; 6)
(20514729117; 7)
(20514732953; 6)
(20514986129; 7)
(20515012981; 6)
(20515039833; 7)
(20515400417; 6)
(20515404253; 7)
(20515408089; 6)
(20515450285; 7)
(20515588381; 6)
(20515622905; 7)
(20515626741; 6)
(20515642085; 7)
(20515645921; 6)
(20515722641; 7)
(20515795525; 6)
(20515837721; 7)
(20515856901; 6)
(20515918277; 7)
(20515933621; 6)
(20515937457; 7)
(20515941293; 6)
(20515945129; 7)
(20515956637; 6)
(20515960473; 7)
(20516382433; 6)
(20516520529; 7)
(20516524365; 6)
(20516539709; 7)
(20516593413; 6)
(20516643281; 7)
(20545966097; 6)
(20546465167; 7)
(20546469006; 6)
(20546472845; 7)
(20546476684; 6)
(20546507396; 7)
(20546515074; 6)
(20549620825; 7)
(20550000886; 6)
(20550008564; 7)
(20550054632; 6)
(20550058471; 7)
(20550062310; 6)
(20550069988; 7)
(20550952958; 6)
(20550968314; 7)
(20550995187; 6)
(20551006704; 7)
(20551010543; 6)
(20551018221; 7)
(20551025899; 6)
(20551033577; 7)
(20551037416; 6)
(20551125713; 7)
(20551133391; 6)
(20551137230; 7)
(20551413638; 6)
(20551425155; 7)
(20551432833; 6)
(20551444350; 7)
(20551448189; 6)
(20551452028; 7)
(20551478901; 6)
(20560744661; 7)
(20560760021; 6)
(20560848341; 7)
(20560852181; 6)
(20560856021; 7)
(20560871381; 6)
(20560875221; 7)
(20560886741; 6)
(20561055701; 7)
(20561109461; 6)
(20561117141; 7)
(20561120981; 6)
(20561124821; 7)
(20561128661; 6)
(20580185167; 7)
(20580189009; 6)
(20580223587; 7)
(20580227429; 6)
(20580231271; 7)
(20580246639; 6)
(20580250481; 7)
(20580530947; 6)
(20580534789; 7)
(20580538631; 6)
(20580542473; 7)
(20580553999; 6)
(20580565525; 7)
(20580584735; 6)
(20580669259; 7)
(20580673101; 6)
(20580730731; 7)
(20580792203; 6)
(20584311500; 7)
(20584319186; 6)
(20584323029; 7)
(20585229977; 6)
(20585233820; 7)
(20593265690; 6)
(20593269533; 7)
(20593273376; 6)
(20593277219; 7)
(20593281062; 6)
(20593288748; 7)
(20593300277; 6)
(20593304120; 7)
(20593311806; 6)
(20594495450; 7)
(20594553095; 6)
(20594556938; 7)
(20594568467; 6)
(20594583839; 7)
(20594614583; 6)
(20594618426; 7)
(20594622269; 6)
(20594626112; 7)
(20594629955; 6)
(20594637641; 7)
(20594641484; 6)
(20594645327; 7)
(20594649170; 6)
(20594660699; 7)
(20594664542; 6)
(20594668385; 7)
(20594676071; 6)
(20594683757; 7)
(20594687600; 6)
(20594691443; 7)
(20594706815; 6)
(20594737559; 7)
(20594741402; 6)
(20769227128; 7)
(20769234848; 6)
(20769246428; 7)
(20769250288; 6)
(20769532068; 7)
(20769535928; 6)
(20770875348; 7)
(20771052908; 6)
(20771056768; 7)
(20771076068; 6)
(20771087648; 7)
(20771118528; 6)
(20771157128; 7)
(20771160988; 6)
(20771199588; 7)
(20771234328; 6)
(20771253628; 7)
(20771257488; 6)
(20771261348; 7)
(20771292228; 6)
(20773253108; 7)
(20773554188; 6)
(20774032828; 7)
(20774040548; 6)
(20774048268; 7)
(20774055988; 6)
(20778665131; 7)
(20778668992; 6)
(20778672853; 7)
(20778684436; 6)
(20778692158; 7)
(20778696019; 6)
(20779116868; 7)
(20779128451; 6)
(20780564743; 7)
(20780568604; 6)
(20780649685; 7)
(20780657407; 6)
(20780696017; 7)
(20780699878; 6)
(20780734627; 7)
(20780746210; 6)
(20780750071; 7)
(20780761654; 6)
(20780780959; 7)
(20780784820; 6)
(20780796403; 7)
(20780800264; 6)
(20780807986; 7)
(20780815708; 6)
(20780819569; 7)
(20780823430; 6)
(20781082117; 7)
(20781085978; 6)
(20781167059; 7)
(20781170920; 6)
(20781263584; 7)
(20781286750; 6)
(20781290611; 7)
(20781294472; 6)
(20782163197; 7)
(20782263583; 6)
(20782267444; 7)
(20782383274; 6)
(20782421884; 7)
(20782576324; 6)
(20782584046; 7)
(20783931535; 6)
(20783935396; 7)
(20783939257; 6)
(20784039643; 7)
(20784043504; 6)
(20784074392; 7)
(20795184282; 6)
(20795188144; 7)
(20795203592; 6)
(20795207454; 7)
(20795211316; 6)
(20795215178; 7)
(20795219040; 6)
(20796010750; 7)
(20796026198; 6)
(20796030060; 7)
(20796041646; 6)
(20796064818; 7)
(20796296538; 6)
(20796311986; 7)
(20796852666; 6)
(20796860390; 7)
(20796871976; 6)
(20796991698; 7)
(20796995560; 6)
(20797007146; 7)
(20797984232; 6)
(20797995818; 7)
(20798003542; 6)
(20798007404; 7)
(20798018990; 6)
(20798617600; 7)
(20798621462; 6)
(20798625324; 7)
(20798652358; 6)
(20798660082; 7)
(20798663944; 6)
(20798671668; 7)
(20798725736; 6)
(20798729598; 7)
(20798737322; 6)
(20798741184; 7)
(20798795252; 6)
(20939894559; 7)
(20939991459; 6)
(20940034095; 7)
(20940037971; 6)
(20940084483; 7)
(20940220143; 6)
(20940231771; 7)
(20940274407; 6)
(20940282159; 7)
(20940286035; 6)
(20940293787; 7)
(20940301539; 6)
(20940305415; 7)
(20940320919; 6)
(20940340299; 7)
(20940394563; 6)
(20940398439; 7)
(20941615503; 6)
(20941631007; 7)
(20941634883; 6)
(20941642635; 7)
(20942522487; 6)
(20942537991; 7)
(20942596131; 6)
(20942693031; 7)
(20942801559; 6)
(20942809311; 7)
(20942813187; 6)
(20942817063; 7)
(20942836443; 6)
(20943065127; 7)
(20943084507; 6)
(20943088383; 7)
(20943092259; 6)
(20943100011; 7)
(20943123267; 6)
(20943165903; 7)
(20943185283; 6)
(20943208539; 7)
(20943212415; 6)
(20943344199; 7)
(20943607767; 6)
(20943611643; 7)
(20943615519; 6)
(20943627147; 7)
(20943638775; 6)
(20943646527; 7)
(20946441123; 6)
(20946444999; 7)
(20946472131; 6)
(20946634923; 7)
(20946832599; 6)
(20946836475; 7)
(20947576791; 6)
(20947588419; 7)
(20947592295; 6)
(20947615551; 7)
(20947623303; 6)
(20947627179; 7)
(20949421767; 6)
(20949429519; 7)
(20949448899; 6)
(20949452775; 7)
(20949472155; 6)
(20949495411; 7)
(20949805491; 6)
(20949820995; 7)
(20949921771; 6)
(20949929523; 7)
(20949937275; 6)
(20950003167; 7)
(20950007043; 6)
(20950010919; 7)
(20950014795; 6)
(20950018671; 7)
(20950049679; 6)
(20950053555; 7)
(20950061309; 6)
(20950134972; 7)
(20950165988; 6)
(20950173742; 7)
(20950185373; 6)
(20950224143; 7)
(20950231897; 6)
(20950235774; 7)
(20950239651; 6)
(20950286175; 7)
(20950293929; 6)
(20950317191; 7)
(20950321068; 6)
(20950324945; 7)
(20950328822; 6)
(20950410239; 7)
(20950429624; 6)
(20950433501; 7)
(20950449009; 6)
(20950460640; 7)
(20956756888; 6)
(20956760765; 7)
(20956764642; 6)
(20956768519; 7)
(20956780150; 6)
(20956784027; 7)
(20956795658; 6)
(20957101941; 7)
(20957113572; 6)
(20957121326; 7)
(20957129080; 6)
(20957152342; 7)
(20957160096; 6)
(20957171727; 7)
(20957175604; 6)
(20957183358; 7)
(20957280283; 6)
(20957284160; 7)
(20957392716; 6)
(20957396593; 7)
(20957439240; 6)
(20957443117; 7)
(20957695122; 6)
(20957698999; 7)
(20957768785; 6)
(20957799801; 7)
(20957807555; 6)
(20957811432; 7)
(20957815309; 6)
(20959397125; 7)
(20959401002; 6)
(20959451403; 7)
(20959455280; 6)
(20960180279; 7)
(20960184156; 6)
(20960199664; 7)
(20960203541; 6)
(20960250065; 7)
(20960253942; 6)
(20960277204; 7)
(20960292712; 6)
(20960304343; 7)
(20960335359; 6)
(20960343113; 7)
(20960350867; 6)
(20960354744; 7)
