(73000000001; 0)
(73037425194; 1)
(73037504812; 0)
(73037837760; 1)
(73037888426; 0)
(73037895664; 1)
(73037902902; 0)
(73037931854; 1)
(73037989758; 0)
(73040393062; 1)
(73040574037; 0)
(73040595754; 1)
(73040653666; 0)
(73040660905; 1)
(73040675383; 0)
(73040870836; 1)
(73041232786; 0)
(73041406522; 1)
(73041413761; 0)
(73041428239; 1)
(73041435478; 0)
(73041457195; 1)
(73041486151; 0)
(73041493390; 1)
(73041500629; 0)
(73041573019; 1)
(73041992881; 0)
(73042246246; 1)
(73042419982; 0)
(73042427221; 1)
(73042434460; 0)
(73042441699; 1)
(73043455159; 0)
(73043469637; 1)
(73043484115; 0)
(73043498593; 1)
(73043607178; 0)
(73043614417; 1)
(73043650612; 0)
(73043715763; 1)
(73043846065; 0)
(73043853304; 1)
(73043860543; 0)
(73043889499; 1)
(73043925694; 0)
(73043947411; 1)
(73043954650; 0)
(73043969128; 1)
(73044012562; 0)
(73044019801; 1)
(73495314583; 0)
(73495336366; 1)
(73495343627; 0)
(73495510630; 1)
(73495859158; 0)
(73495866419; 1)
(73495873680; 0)
(73495888202; 1)
(73495895463; 0)
(73496018900; 1)
(73496026161; 0)
(73496076988; 1)
(73496229469; 0)
(73496287557; 1)
(73496309340; 0)
(73496577997; 1)
(73496585258; 0)
(73496599780; 1)
(73496614302; 0)
(73496643346; 1)
(73501653436; 0)
(73501784134; 1)
(73501805917; 0)
(73501820439; 1)
(73502444885; 0)
(73503163724; 1)
(73503417894; 0)
(73503432418; 1)
(73503446942; 0)
(73503635754; 1)
(73503664802; 0)
(73503672064; 1)
(73503933496; 0)
(73503977068; 1)
(73503991592; 0)
(73504056950; 1)
(73504064212; 0)
(73504078736; 1)
(73504093260; 0)
(73504107784; 1)
(73504144094; 0)
(73504151356; 1)
(73504158618; 0)
(73504165880; 1)
(73504173142; 0)
(73504558028; 1)
(73504572552; 0)
(73504579814; 1)
(73505429468; 0)
(73505705424; 1)
(73505719948; 0)
(73505952332; 1)
(73505974118; 0)
(73518304994; 1)
(73518326780; 0)
(73518355828; 1)
(73518370352; 0)
(73518377614; 1)
(73661753396; 0)
(73661760665; 1)
(73662029618; 0)
(73662153191; 1)
(73662211343; 0)
(73662240419; 1)
(73662247688; 0)
(73662327647; 1)
(73663265348; 0)
(73663272617; 1)
(73664457464; 0)
(73664464733; 1)
(73664479271; 0)
(73664922680; 1)
(73664929949; 0)
(73665249792; 1)
(73665257062; 0)
(73665526052; 1)
(73665540592; 0)
(73665547862; 1)
(73665642372; 0)
(73665700532; 1)
(73665715072; 0)
(73666093112; 1)
(73666100382; 0)
(73666129462; 1)
(73666136732; 0)
(73666223972; 1)
(73666282132; 0)
(73666303942; 1)
(73666340292; 0)
(73666427532; 1)
(73666442072; 0)
(73666449342; 1)
(73666609282; 0)
(73666660172; 1)
(73666718332; 0)
(73667227232; 1)
(73667263582; 0)
(73730268251; 1)
(73730282797; 0)
(73730362800; 1)
(73730370073; 0)
(73730479168; 1)
(73730493714; 0)
(73730500987; 1)
(73730537352; 0)
(73730544625; 1)
(73730719177; 0)
(73730726450; 1)
(73730733723; 0)
(73730740996; 1)
(73730748269; 0)
(73730806453; 1)
(73730835545; 0)
(73730930094; 1)
(73730973732; 0)
(73730981005; 1)
(73731628302; 0)
(73731759216; 1)
(73731773762; 0)
(73731810127; 1)
(73731868311; 0)
(73732384694; 1)
(73732406513; 0)
(73732413786; 1)
(73737083052; 0)
(73737090325; 1)
(73737097598; 0)
(73737104871; 1)
(73737163055; 0)
(73737177601; 1)
(73737272150; 0)
(73737279423; 1)
(73737293969; 0)
(73737337607; 1)
(73737468521; 0)
(73737490340; 1)
(73737737622; 0)
(73737752168; 1)
(73737759441; 0)
(73737781260; 1)
(73737817625; 0)
(73737846717; 1)
(73737861263; 0)
(73737890355; 1)
(73737897628; 0)
(73738035815; 1)
(73738079453; 0)
(73738130364; 1)
(73783928734; 0)
(73783957834; 1)
(73783965109; 0)
(73784277934; 1)
(73784285209; 0)
(73784336134; 1)
(73787508125; 0)
(73787522677; 1)
(73787537229; 0)
(73787544505; 1)
(73787551781; 0)
(73787580885; 1)
(73787639093; 0)
(73787646369; 1)
(73787893753; 0)
(73787901029; 1)
(73787915581; 0)
(73787930133; 1)
(73787988341; 0)
(73787995617; 1)
(73788002893; 0)
(73788017445; 1)
(73788031997; 0)
(73790665909; 1)
(73790913293; 0)
(73790935121; 1)
(73790942397; 0)
(73790956949; 1)
(73793197957; 0)
(73793205233; 1)
(73793241613; 0)
(73794420325; 1)
(73794456705; 0)
(73794471257; 1)
(73794478533; 0)
(73794485809; 1)
(73794689537; 0)
(73794864161; 1)
(73794951473; 0)
(73795402585; 1)
(73795409861; 0)
(73796915993; 1)
(73796930545; 0)
(73796952373; 1)
(73796959649; 0)
(73796966925; 1)
(73839392084; 0)
(73839399362; 1)
(73839413918; 0)
(73839421196; 1)
(73839428474; 0)
(73840338224; 1)
(73840556564; 0)
(73842754520; 1)
(73842812744; 0)
(73842820022; 1)
(73842834578; 0)
(73842849134; 1)
(73842870968; 0)
(73842878246; 1)
(73842885524; 0)
(73842892802; 1)
(73842943748; 0)
(73844057282; 1)
(73844064560; 0)
(73845367322; 1)
(73845374600; 0)
(73845381878; 1)
(73845454658; 0)
(73845461936; 1)
(73845476492; 0)
(73845716666; 1)
(73852951719; 0)
(73852995393; 1)
(73854181870; 0)
(73854756911; 1)
(73854764190; 0)
(73854771469; 1)
(73854793306; 0)
(73894482902; 1)
(73894490183; 0)
(73894541150; 1)
(73894613960; 0)
(73894643084; 1)
(73894672208; 0)
(73894723175; 1)
(73894803266; 0)
(73894810547; 1)
(73894825109; 0)
(73894832390; 1)
(73894876076; 0)
(73894927043; 1)
(73894956167; 0)
(73894985291; 1)
(73894992572; 0)
(73895473118; 1)
(73895480399; 0)
(73897497236; 1)
(73897540922; 0)
(73897562765; 1)
(73897577327; 0)
(73897635575; 1)
(73897686542; 0)
(73897817600; 1)
(73897926815; 0)
(73897955939; 1)
(73897992344; 0)
(73898269022; 1)
(73898319989; 0)
(73898429204; 1)
(73898574824; 0)
(73898582105; 1)
(73901123174; 0)
(73901152298; 1)
(73901181422; 0)
(73901705654; 1)
(73901720216; 0)
(73901727497; 1)
(73901822150; 0)
(73901829431; 1)
(73901902241; 0)
(73901909522; 1)
(73902251729; 0)
(73902382787; 1)
(73902433754; 0)
(73902579374; 1)
(73902615779; 0)
(73902623060; 1)
(73905011228; 0)
(73905273344; 1)
(73913159295; 0)
(73913173859; 1)
(73913181141; 0)
(73913188423; 1)
(73913202987; 0)
(73913224833; 1)
(73913239397; 0)
(73913261243; 1)
(73913290371; 0)
(73913297653; 1)
(73913363191; 0)
(73913385037; 1)
(73913486985; 0)
(73913494267; 1)
(73913501549; 0)
(73916647373; 1)
(73916683783; 0)
(73916691065; 1)
(73916712911; 0)
(73916865833; 1)
(73916873115; 0)
(73921074829; 1)
(73921082111; 0)
(73922720561; 1)
(73923863835; 0)
(73923907527; 1)
(73924118705; 0)
(73925502285; 1)
(73925560541; 0)
(73927067915; 1)
(73927075197; 0)
