(642000000001; 0)
(642090141890; -1)
(642090163353; 0)
(642090420909; -1)
(642090442372; 0)
(642090463835; -1)
(642090506761; 0)
(642091150651; -1)
(642091215040; 0)
(642091236503; -1)
(642091494059; 0)
(642091515522; -1)
(642091708689; 0)
(642091730152; -1)
(642092846228; 0)
(642097611014; -1)
(642106110362; 0)
(642106239140; -1)
(642106260603; 0)
(642108127884; -1)
(642110832222; 0)
(642112012687; -1)
(642112034150; 0)
(642112098539; -1)
(642112227317; 0)
(642113150226; -1)
(642113171689; 0)
(642113558023; -1)
(642113600949; 0)
(642113708264; -1)
(642113751190; 0)
(642113772653; -1)
(642113794116; 0)
(642113922894; -1)
(642145324535; 0)
(642145345999; -1)
(642145410391; 0)
(642145431855; -1)
(642145453319; 0)
(642145517711; -1)
(642145539175; 0)
(642145560639; -1)
(642170158383; 0)
(642170222775; -1)
(642170308631; 0)
(642170544735; -1)
(642170566199; 0)
(642170630591; -1)
(642170673519; 0)
(642170694983; -1)
(642171102799; 0)
(642171124263; -1)
(642171145727; 0)
(642171575007; -1)
(642171682327; 0)
(642171746719; -1)
(642171768183; 0)
(642171832575; -1)
(642171854039; 0)
(642171961359; -1)
(642172133071; 0)
(642172175999; -1)
(642174193615; 0)
(642174215079; -1)
(642174365327; 0)
(642174408255; -1)
(642174429719; 0)
(642174451183; -1)
(642174579967; 0)
(642174601431; -1)
(642174622895; 0)
(642174644359; -1)
(642174665823; 0)
(642179559694; -1)
(642179752879; 0)
(642340103183; -1)
(642343816974; 0)
(642347466364; -1)
(642347487831; 0)
(642349655998; -1)
(642349720399; 0)
(642422754436; -1)
(642422797374; 0)
(642422840312; -1)
(642422861781; 0)
(642422883250; -1)
(642423097940; 0)
(642433918316; -1)
(642433939785; 0)
(642433961254; -1)
(642434326227; 0)
(642434347696; -1)
(642434927359; 0)
(642435056173; -1)
(642436129623; 0)
(642436709286; -1)
(642436773693; 0)
(642436902507; -1)
(642436923976; 0)
(642437031321; -1)
(642437310418; 0)
(642437825674; -1)
(642437933019; 0)
(642438040364; -1)
(642438061833; 0)
(642438104771; -1)
(642438212116; 0)
(642438297992; -1)
(642438362399; 0)
(642439672008; -1)
(642439736415; 0)
(642439822291; -1)
(642439843760; 0)
(642440144326; -1)
(642442613261; 0)
(642443021172; -1)
(642443128517; 0)
(642443278800; -1)
(642443321738; 0)
(642443579366; -1)
(642443600835; 0)
(642443643773; -1)
(642446520619; 0)
(642446542088; -1)
(642532850066; 0)
(642532871536; -1)
(642532893006; 0)
(642533021826; -1)
(642533064766; 0)
(642533193586; -1)
(642533322406; 0)
(642533365346; -1)
(642541545632; 0)
(642543220370; -1)
(642543241841; 0)
(642543263312; -1)
(642543284783; 0)
(642543327725; -1)
(642543563906; 0)
(642543671261; -1)
(642543692732; 0)
(642543864500; -1)
(642544143623; 0)
(642544186565; -1)
(642544315391; 0)
(642556983281; -1)
(642557090636; 0)
(642557455643; -1)
(642557520056; 0)
(642557562998; -1)
(642557928005; 0)
(642557970947; -1)
(642558056831; 0)
(642558099773; -1)
(642558142715; 0)
(642558164186; -1)
(642558185657; 0)
(642558421838; -1)
(642558443309; 0)
(642558550664; -1)
(642558572135; 0)
(642558593606; -1)
(642558636548; 0)
(642558700961; -1)
(642558722432; 0)
(642558765374; -1)
(642558872729; 0)
(642560010692; -1)
(642560032163; 0)
(642560203931; -1)
(642560397170; 0)
(642560418641; -1)
(642560633351; 0)
(642560719235; -1)
(642560740706; 0)
(642561127184; -1)
(642561148655; 0)
(642561277481; -1)
(642561298952; 0)
(642561341894; -1)
(642561363365; 0)
(642561492191; -1)
(642561685430; 0)
(642561728372; -1)
(642637222292; 0)
(642637243764; -1)
(642637286708; 0)
(642637308180; -1)
(642637329652; 0)
(642637351124; -1)
(642637458484; 0)
(642637544372; -1)
(642637565844; 0)
(642637673204; -1)
(642637694676; 0)
(642637716148; -1)
(642637737620; 0)
(642640378676; -1)
(642640400148; 0)
(642640593396; -1)
(642640657812; 0)
(642640829588; -1)
(642640851060; 0)
(642641087252; -1)
(642641151668; 0)
(642641538164; -1)
(642641559636; 0)
(642642611764; -1)
(642643041204; 0)
(642643062676; -1)
(642643857140; 0)
(642643985972; -1)
(642644007444; 0)
(642646755860; -1)
(642646777332; 0)
(642649418388; -1)
(642649439860; 0)
(642649568692; -1)
(642649611636; 0)
(642649654580; -1)
(642649869300; 0)
(642649912244; -1)
(642650019604; 0)
(642650041076; -1)
(642650663764; 0)
(642650685236; -1)
(642650728180; 0)
(642651093204; -1)
(642651114676; 0)
(642662301852; -1)
(642662323325; 0)
(642662344798; -1)
(642662795731; 0)
(642662817204; -1)
(642668829644; 0)
(642668851117; -1)
(642669409415; 0)
(642669495307; -1)
(642669516780; 0)
(642671621134; -1)
(642671857337; 0)
(642671921756; -1)
(642672286797; 0)
(642672372689; -1)
(642672437108; 0)
(642672458581; -1)
(642672544473; 0)
(642672565946; -1)
(642850372728; 0)
(642850394204; -1)
(642850866676; 0)
(642851017008; -1)
(642851145864; 0)
(642851167340; -1)
(642851510956; 0)
(642853615604; -1)
(642862163052; 0)
(642862227480; -1)
(642862248956; 0)
(642862592572; -1)
(642862699952; 0)
(642862721428; -1)
(642862742904; 0)
(642862936188; -1)
(642863408660; 0)
(642863430136; -1)
(642863644896; 0)
(642863795228; -1)
(642919676879; 0)
(642919698356; -1)
(642919805741; 0)
(642919891649; -1)
(642919913126; 0)
(642919977557; -1)
(642920192327; 0)
(642943559303; -1)
(642943645211; 0)
(642943709642; -1)
(642943731119; 0)
(642950840006; -1)
(642950904437; 0)
(642950925914; -1)
(642951033299; 0)
(642951054776; -1)
(642951269546; 0)
(642951291023; -1)
(642951849425; 0)
(642951913856; -1)
(642951935333; 0)
(642952021241; -1)
(642952128626; 0)
(642952257488; -1)
(642953610539; 0)
(642953653493; -1)
(642953674970; 0)
(642968151036; -1)
(642968387294; 0)
(642968408772; -1)
(642968773898; 0)
(642968902766; -1)
