(2000000001; 7)
(2002507118; 8)
(2002641294; 7)
(2002642492; 8)
(2002643690; 7)
(2002668848; 8)
(2002672442; 7)
(2002673640; 8)
(2002680828; 7)
(2002740728; 8)
(2002792242; 7)
(2002794638; 8)
(2002797034; 7)
(2002798232; 8)
(2002815004; 7)
(2002818598; 8)
(2002826984; 7)
(2002828182; 8)
(2002884488; 7)
(2002890478; 8)
(2003010278; 7)
(2003011476; 8)
(2003013872; 7)
(2003028248; 8)
(2003029446; 7)
(2003030644; 8)
(2003035436; 7)
(2003083356; 8)
(2003107316; 7)
(2003109712; 8)
(2008982343; 9)
(2008999143; 8)
(2009002743; 9)
(2009014743; 8)
(2009020743; 9)
(2009021943; 8)
(2009055543; 9)
(2034183166; 10)
(2034184374; 9)
(2034189206; 10)
(2034190414; 9)
(2034195246; 10)
(2034200078; 9)
(2034203702; 10)
(2036753790; 9)
(2036758622; 10)
(2036763454; 9)
(2036767078; 10)
(2036776742; 9)
(2036777950; 10)
(2036780366; 9)
(2036838350; 10)
(2036839558; 9)
(2036866134; 10)
(2036868550; 9)
(2036869758; 10)
(2036875798; 9)
(2036877006; 10)
(2036881838; 9)
(2036897542; 10)
(2036898750; 9)
(2036899958; 10)
(2036901166; 9)
(2036970022; 10)
(2036971230; 9)
(2036980894; 10)
(2036984518; 9)
(2036985726; 10)
(2036997806; 9)
(2037001430; 10)
(2037071494; 9)
(2037246654; 10)
(2037247862; 9)
(2037249070; 10)
(2037255110; 9)
(2037295004; 10)
(2037297422; 9)
(2037301049; 10)
(2037303467; 9)
(2037304676; 10)
(2037322811; 9)
(2037325229; 10)
(2037327647; 9)
(2037328856; 10)
(2037334901; 9)
(2037635942; 10)
(2037785858; 9)
(2037840263; 10)
(2037842681; 9)
(2037846308; 10)
(2037847517; 9)
(2037898295; 10)
(2037903131; 9)
(2037905549; 10)
(2037996224; 9)
(2038009523; 10)
(2038010732; 9)
(2038265831; 10)
(2038270667; 9)
(2040566558; 10)
(2040567767; 9)
(2040568976; 10)
(2040627008; 9)
(2040628217; 10)
(2040740745; 9)
(2040778255; 10)
(2040780675; 9)
(2040781885; 10)
(2040824235; 9)
(2040825445; 10)
(2040826655; 9)
(2041442545; 10)
(2041443755; 9)
(2041444965; 10)
(2041453435; 9)
(2041505465; 10)
(2041511515; 9)
(2041611945; 10)
(2041613155; 9)
(2041626465; 10)
(2041632515; 9)
(2041633725; 10)
(2041777715; 9)
(2041780135; 10)
(2041781345; 9)
(2041788605; 10)
(2041789815; 9)
(2041791025; 10)
(2041804335; 9)
(2041805545; 10)
(2041822485; 9)
(2041824905; 10)
(2041826115; 9)
(2041828535; 10)
(2041829745; 9)
(2041833375; 10)
(2041834585; 9)
(2041835795; 10)
(2041859995; 9)
(2041861205; 10)
(2041862415; 9)
(2041891455; 10)
(2041893875; 9)
(2041901135; 10)
(2041904765; 9)
(2041908395; 10)
(2041913235; 9)
(2041915655; 10)
(2042368195; 9)
(2042369405; 10)
(2042371825; 9)
(2042373035; 10)
(2042374245; 9)
(2042443215; 10)
(2042452895; 9)
(2042454105; 10)
(2042455315; 9)
(2042456525; 10)
(2042458945; 9)
(2042471045; 10)
(2042486775; 9)
(2042489195; 10)
(2042490405; 9)
(2042495245; 10)
(2042541225; 9)
(2042544855; 10)
(2046701011; 9)
(2046734919; 10)
(2046736130; 9)
(2046739763; 10)
(2046751873; 9)
(2049315945; 10)
(2049317157; 9)
(2049366849; 10)
(2049370485; 9)
(2049441993; 10)
(2049484413; 9)
(2049485625; 10)
(2049486837; 9)
(2049488049; 10)
(2049509865; 9)
(2049512289; 10)
(2049535317; 9)
(2049572889; 10)
(2049629853; 9)
(2049631065; 10)
(2049656517; 9)
(2049658941; 10)
(2049660153; 9)
(2049665001; 10)
(2049666213; 9)
(2049667425; 10)
(2049668637; 9)
(2049669849; 10)
(2049688029; 9)
(2049706209; 10)
(2049788625; 9)
(2049872253; 10)
(2049873465; 9)
(2049885585; 10)
(2049896493; 9)
(2053779805; 10)
(2053781018; 9)
(2053782231; 10)
(2053783444; 9)
(2053785870; 10)
(2054872104; 9)
(2054873318; 10)
(2054895170; 9)
(2054924306; 10)
(2054925520; 9)
(2054927948; 10)
(2054997146; 9)
(2054998360; 10)
(2055035994; 9)
(2055049348; 10)
(2055050562; 9)
(2055063916; 10)
(2055065130; 9)
(2055157394; 10)
(2055171962; 9)
(2055174390; 10)
(2062731240; 11)
(2062732456; 10)
(2065755404; 11)
(2065756621; 10)
(2065760272; 11)
(2065761489; 10)
(2065770008; 11)
(2065783395; 10)
(2065816254; 11)
(2065852764; 10)
(2065853981; 11)
(2073576613; 10)
(2073577832; 11)
(2073579051; 10)
(2073580270; 11)
(2073585146; 10)
(2073588803; 11)
(2073598555; 10)
(2073602212; 11)
(2073610745; 10)
(2081114427; 11)
(2081129079; 10)
(2081130300; 11)
(2081132742; 10)
(2081133963; 11)
(2081135184; 10)
(2081144952; 11)
(2081146173; 10)
(2081154720; 11)
(2081155941; 10)
(2081157162; 11)
(2081713050; 10)
(2081725270; 11)
(2081776594; 10)
(2081777816; 11)
(2081779038; 10)
(2081832806; 11)
(2081835250; 10)
(2081862134; 11)
(2083128126; 10)
(2083129348; 11)
(2083147678; 10)
(2083148900; 11)
(2083150122; 10)
(2083151344; 11)
(2083170896; 10)
(2083174562; 11)
(2083192892; 10)
(2083194114; 11)
(2083195336; 10)
(2083196558; 11)
(2083197780; 10)
(2083201446; 11)
(2083268656; 10)
(2083272322; 11)
(2083289430; 10)
(2083305316; 11)
(2083321202; 10)
(2083343198; 11)
(2083382302; 10)
(2083383524; 11)
(2083392078; 10)
(2083393300; 11)
(2083396966; 10)
(2083471508; 11)
(2083472730; 10)
(2083480062; 11)
(2083481284; 10)
(2083486172; 11)
(2083487394; 10)
(2083491060; 11)
(2083492282; 10)
(2083493504; 11)
(2083515500; 10)
(2083521610; 11)
(2083525276; 10)
(2083527720; 11)
(2083528942; 10)
(2083614482; 11)
(2083654808; 10)
(2083659696; 11)
(2083663362; 10)
(2083665806; 11)
(2083667028; 10)
(2083704910; 11)
(2083708576; 10)
(2083711020; 11)
(2083713464; 10)
(2083714686; 11)
(2083766010; 10)
(2083768454; 11)
(2083775786; 10)
(2083797782; 11)
(2083799004; 10)
(2083937090; 11)
(2083938312; 10)
(2083939534; 11)
(2083940756; 10)
(2083945644; 11)
(2083946866; 10)
(2083962752; 11)
(2083963974; 10)
(2083965196; 11)
(2083966418; 10)
(2083994524; 11)
(2083995746; 10)
(2084018964; 11)
(2084037294; 10)
(2084053180; 11)
(2084055624; 10)
(2084373344; 11)
(2084375788; 10)
(2084377010; 11)
(2084378232; 10)
(2084401450; 11)
(2089409205; 10)
(2089426341; 11)
(2089441029; 10)
(2089450821; 11)
(2089452045; 10)
(2089454493; 11)
(2089472853; 10)
(2089474077; 11)
(2089475301; 10)
(2089476525; 11)
(2089477749; 10)
(2089482645; 11)
(2089505901; 10)
(2089671141; 11)
(2089678485; 10)
(2089702965; 11)
(2089722549; 10)
(2089753149; 11)
(2089755597; 10)
(2089764165; 11)
(2089765389; 10)
(2089766613; 11)
(2089906149; 10)
(2090332101; 11)
(2090345565; 10)
(2090360253; 11)
(2090392077; 10)
(2090399421; 11)
(2090403093; 10)
(2090425125; 11)
(2090465517; 10)
(2090466741; 11)
(2090477757; 10)
(2090478981; 11)
(2090481429; 10)
(2090482653; 11)
(2090494893; 10)
(2090497341; 11)
(2090498565; 10)
(2091217053; 11)
(2091226845; 10)
(2091234189; 11)
(2091257445; 10)
(2091311301; 11)
(2091312525; 10)
(2091322317; 11)
(2091323541; 10)
(2091330885; 11)
(2091333333; 10)
(2091335781; 11)
(2091907690; 10)
(2091911365; 11)
(2091918715; 10)
(2091919940; 11)
(2091923615; 10)
(2091939540; 11)
(2091940765; 10)
(2091941990; 11)
(2091943215; 10)
(2091945665; 11)
(2091975065; 10)
(2091993440; 11)
(2092009365; 10)
(2092010590; 11)
(2092011815; 10)
(2092019165; 11)
(2092041215; 10)
(2092103690; 11)
(2092104915; 10)
(2092111040; 11)
(2092118390; 10)
(2092119615; 11)
(2092120840; 10)
(2094516940; 11)
(2094518165; 10)
(2094521840; 11)
(2094523065; 10)
(2094524290; 11)
(2094526740; 10)
(2094534090; 11)
(2094546340; 10)
(2094547565; 11)
(2094548790; 10)
(2094550015; 11)
(2094556140; 10)
(2094562265; 11)
(2094667615; 10)
(2094668840; 11)
(2094671290; 10)
(2094679865; 11)
(2094791340; 10)
(2094792565; 11)
(2094793790; 10)
(2094795015; 11)
(2094802365; 10)
(2094812165; 11)
(2094821965; 10)
(2094823190; 11)
(2094824415; 10)
(2094826865; 11)
(2094851365; 10)
(2094858715; 11)
(2094859940; 10)
(2094861165; 11)
(2094862390; 10)
(2095242375; 11)
(2095246053; 10)
(2095250957; 11)
(2095253409; 10)
(2095254635; 11)
(2095255861; 10)
(2095366201; 11)
(2095487575; 10)
(2095504739; 11)
(2095505965; 10)
(2095507191; 11)
(2095513321; 10)
(2095519451; 11)
(2095520677; 10)
(2095525581; 11)
(2095530485; 10)
(2095535389; 11)
(2095539067; 10)
(2095542745; 11)
(2095543971; 10)
(2095545197; 11)
(2095546423; 10)
(2095552553; 11)
(2095577073; 10)
(2095623661; 11)
(2095624887; 10)
(2095629791; 11)
(2095631017; 10)
(2095644503; 11)
(2095692317; 10)
(2096180265; 11)
(2096182717; 10)
(2096187621; 11)
(2096209689; 10)
(2096210915; 11)
(2096218271; 10)
(2096283249; 11)
(2096284475; 10)
(2096285701; 11)
(2096296735; 10)
(2096312673; 11)
(2096400945; 10)
(2096402171; 11)
(2096480635; 10)
(2096483087; 11)
(2096484313; 10)
(2104247998; 9)
(2104249226; 10)
(2104250454; 9)
(2104302030; 10)
(2104920942; 9)
(2104925854; 10)
(2104927082; 9)
(2104938134; 10)
(2104943046; 9)
(2106064898; 10)
(2106066127; 9)
(2106067356; 10)
(2106068585; 9)
(2106071043; 10)
(2106078417; 9)
(2106080875; 10)
(2106082104; 9)
(2108119786; 10)
(2108121015; 9)
(2108127160; 10)
(2108136992; 9)
(2108165259; 10)
(2108166488; 9)
(2108193526; 10)
(2108199671; 9)
(2108200900; 10)
(2108250060; 9)
(2108251289; 10)
(2108253747; 9)
(2108254976; 10)
(2108259892; 9)
(2108264808; 10)
(2108268495; 9)
(2108269724; 10)
(2126767107; 9)
(2126769577; 10)
(2126796747; 9)
(2126806627; 10)
(2126812802; 9)
(2126815272; 10)
(2126826387; 9)
(2126827622; 10)
(2126831327; 9)
(2126835032; 10)
(2126836267; 9)
(2126843677; 10)
(2126846147; 9)
(2126848617; 10)
(2126851087; 9)
(2126853557; 10)
(2126862202; 9)
(2126863437; 10)
(2126968412; 9)
(2135328965; 8)
(2135330202; 9)
(2135333913; 8)
(2135335150; 9)
(2135364838; 8)
(2136088483; 9)
(2136089720; 8)
(2136090957; 9)
(2136155281; 8)
(2136187461; 9)
(2136188699; 8)
(2136598477; 9)
(2136604667; 8)
(2146343410; 7)
(2146352090; 8)
(2146541818; 7)
(2146543059; 8)
(2146544300; 7)
(2146546782; 8)
(2146555469; 7)
(2146561674; 8)
(2146566638; 7)
(2146780090; 8)
(2146781331; 7)
(2146804910; 8)
(2146807392; 7)
(2146808633; 8)
(2147065520; 7)
(2147069243; 8)
(2147072966; 7)
(2147074207; 8)
(2147076689; 7)
(2147110196; 8)
(2147128811; 7)
(2147138739; 8)
(2147141221; 7)
(2147142462; 8)
(2147143703; 7)
(2147151149; 8)
(2147154872; 7)
(2147156113; 8)
(2147158595; 7)
(2147159836; 8)
(2147419205; 7)
(2147422928; 8)
(2147424169; 7)
(2147439061; 8)
(2147448989; 7)
(2147461399; 8)
(2147477532; 7)
(2147478773; 8)
(2147534618; 7)
(2147538341; 8)
(2147540823; 7)
(2147543305; 8)
(2147544546; 7)
(2147545787; 8)
(2147553233; 7)
(2147558197; 8)
(2147563161; 7)
(2147872170; 8)
(2147873411; 7)
(2147894508; 8)
(2147981378; 7)
(2147985101; 8)
(2147986342; 7)
(2147987583; 8)
(2147995029; 7)
(2148026054; 8)
(2148027295; 7)
(2148048392; 8)
(2148049633; 7)
(2148050874; 8)
(2148053356; 7)
(2148055838; 8)
(2148058320; 7)
(2148170010; 8)
(2148235783; 7)
(2148400836; 8)
(2148477778; 7)
(2148479019; 8)
(2148480260; 7)
(2148481501; 8)
(2148482742; 7)
(2148498875; 8)
(2148500116; 7)
(2148501357; 8)
(2148502598; 7)
(2148503839; 8)
(2148644072; 7)
(2148676338; 8)
(2148677579; 7)
(2148701158; 8)
(2148702399; 7)
(2148704881; 8)
(2148706122; 7)
(2148721014; 8)
(2148867452; 7)
(2148909646; 8)
(2148913369; 7)
(2148914610; 8)
(2150554424; 7)
(2150560634; 8)
(2150565602; 7)
(2150702222; 8)
(2150705948; 7)
(2150707190; 8)
(2150710916; 7)
(2150718368; 8)
(2150722094; 7)
(2150724578; 8)
(2150725820; 7)
(2150739482; 8)
(2150740724; 7)
(2150741966; 8)
(2150861198; 7)
(2150866166; 8)
(2150867408; 7)
(2150879828; 8)
(2150881070; 7)
(2150889764; 8)
(2150891006; 7)
(2150895974; 8)
(2150904668; 7)
(2150925782; 8)
(2150929508; 7)
(2150933234; 8)
(2150936960; 7)
(2150979188; 8)
(2152677002; 7)
(2152678244; 8)
(2152689422; 7)
(2152690664; 8)
(2152713020; 7)
(2152730408; 8)
(2152781330; 7)
(2152801202; 8)
(2153429654; 7)
(2153432138; 8)
(2164580736; 7)
(2164925878; 8)
(2164928370; 7)
(2164929616; 8)
(2164932108; 7)
(2164940830; 8)
(2164942076; 7)
(2164944568; 8)
(2164945814; 7)
(2164957028; 8)
(2164960766; 7)
(2164966996; 8)
(2164980702; 7)
(2164981948; 8)
(2165102810; 7)
(2165105302; 8)
(2165107794; 7)
(2165117762; 8)
(2165119008; 7)
(2165120254; 8)
(2165121500; 7)
(2165132714; 8)
(2165141436; 7)
(2165142682; 8)
(2165151404; 7)
(2165153896; 8)
(2165186292; 7)
(2165190030; 8)
(2165224918; 7)
(2165226164; 8)
(2165266036; 7)
(2165271020; 8)
(2165279742; 7)
(2166292740; 8)
(2166321398; 7)
(2166322644; 8)
(2166335104; 7)
(2166340088; 8)
(2166341334; 7)
(2166343826; 8)
(2166833504; 7)
(2166834750; 8)
(2166840980; 7)
(2166842226; 8)
(2166843472; 7)
(2166854686; 8)
(2166855932; 7)
(2166857178; 8)
(2166858424; 7)
(2166859670; 8)
(2166870884; 7)
(2167001714; 8)
(2167024142; 7)
(2172218770; 8)
(2172225010; 7)
(2172226258; 8)
(2172242482; 7)
(2172244978; 8)
(2172248722; 7)
(2172249970; 8)
(2172298642; 7)
(2172307378; 8)
(2172452146; 7)
(2172453394; 8)
(2172455890; 7)
(2172458386; 8)
(2177464155; 9)
(2177465404; 8)
(2177520360; 9)
(2177777654; 8)
(2177791403; 9)
(2177797653; 8)
(2177798903; 9)
(2177803903; 8)
(2177808903; 9)
(2177810153; 8)
(2177811403; 9)
(2177823903; 8)
(2177826403; 9)
(2177827653; 8)
(2177858903; 9)
(2177861403; 8)
(2177891403; 9)
(2177897653; 8)
(2177906403; 9)
(2179027653; 8)
(2179058903; 9)
(2179068903; 8)
(2179071403; 9)
(2179075153; 8)
(2179078903; 9)
(2179081403; 8)
(2179093903; 9)
(2179096403; 8)
(2181245153; 9)
(2181246403; 8)
(2181248903; 9)
(2181258903; 8)
(2181260153; 9)
(2181352724; 8)
(2181461561; 9)
(2181462812; 8)
(2182673780; 9)
(2185793354; 8)
(2185794606; 9)
(2186001186; 8)
(2186004942; 9)
(2186006194; 8)
(2186014958; 9)
(2186019966; 8)
(2186021218; 9)
(2186022470; 8)
(2186028730; 9)
(2186029982; 8)
(2186031234; 9)
(2186043754; 8)
(2186045006; 9)
(2186050014; 8)
(2186052518; 9)
(2186060030; 8)
(2186063786; 9)
(2186073802; 8)
(2186508246; 9)
(2186514506; 8)
(2186533286; 9)
(2186535790; 8)
(2186552066; 9)
(2186553318; 8)
(2186554570; 9)
(2186555822; 8)
(2186557074; 9)
(2186563334; 8)
(2186564586; 9)
(2186572098; 8)
(2186624682; 9)
(2186653478; 8)
(2186654730; 9)
(2186662242; 8)
(2186663494; 9)
(2186664746; 8)
(2186665998; 9)
(2186669754; 8)
(2186677266; 9)
(2186678518; 8)
(2186679770; 9)
(2186684778; 8)
(2186686030; 9)
(2186709818; 8)
(2186711070; 9)
(2186713574; 8)
(2186714826; 9)
(2186716078; 8)
(2187190586; 9)
(2187194342; 8)
(2187200602; 9)
(2187201854; 8)
(2187205610; 9)
(2187209366; 8)
(2187211870; 9)
(2187213122; 8)
(2187230650; 9)
(2187233154; 8)
(2193511290; 9)
(2193552672; 8)
(2193555180; 9)
(2193605340; 8)
(2193606594; 9)
(2193615372; 8)
(2193640452; 9)
(2193644214; 8)
(2193693120; 9)
(2193704406; 8)
(2193705660; 9)
(2193706914; 8)
(2193711930; 9)
(2193715692; 8)
(2193720708; 9)
(2193721962; 8)
(2193723216; 9)
(2193725724; 8)
(2193733248; 9)
(2193738264; 8)
(2193742026; 9)
(2193744534; 8)
(2193748296; 9)
(2193752058; 8)
(2193755820; 9)
(2193762090; 8)
(2193764598; 9)
(2193765852; 8)
(2193768360; 9)
(2193769614; 8)
(2193782154; 9)
(2193785916; 8)
(2193792186; 9)
(2193809742; 8)
(2193810996; 9)
(2193812250; 8)
(2193867426; 9)
(2193999096; 8)
(2194000350; 9)
(2194372788; 8)
(2194380312; 9)
(2194381566; 8)
(2194382820; 9)
(2194390344; 8)
(2203064569; 9)
(2203065826; 8)
(2203067083; 9)
(2204589310; 8)
(2204591824; 9)
(2204594338; 8)
(2204603137; 9)
(2204604394; 8)
(2204605651; 9)
(2204699926; 8)
(2204703697; 9)
(2204704954; 8)
(2204707468; 9)
(2204723809; 8)
(2204731351; 9)
(2204752720; 8)
(2204761519; 9)
(2204762776; 8)
(2204769061; 9)
(2205207754; 8)
(2205224095; 9)
(2205230380; 8)
(2205231637; 9)
(2205232894; 8)
(2205372421; 9)
(2205383734; 8)
(2205390019; 9)
(2205423958; 8)
(2205911808; 9)
(2205913066; 8)
(2205914324; 9)
(2205920614; 8)
(2206038866; 9)
(2206041382; 8)
(2206043898; 9)
(2206045156; 8)
(2206094218; 9)
(2206100508; 8)
(2206101766; 9)
(2206104282; 8)
(2206123152; 9)
(2206126926; 8)
(2206135732; 9)
(2206153344; 8)
(2206154602; 9)
(2206168440; 8)
(2206170956; 9)
(2206173472; 8)
(2206174730; 9)
(2206184794; 8)
(2206189826; 9)
(2206191084; 8)
(2206196116; 9)
(2206206180; 8)
(2206616288; 9)
(2206632642; 8)
(2206636416; 9)
(2206640190; 8)
(2210260257; 9)
(2210261516; 8)
(2210274106; 9)
(2210387416; 8)
(2210697130; 9)
(2210698389; 8)
(2210699648; 9)
(2210700907; 8)
(2210704684; 9)
(2210712238; 8)
(2210713497; 9)
(2210716015; 8)
(2210718533; 9)
(2210731123; 8)
(2210733641; 9)
(2210734900; 8)
(2210736159; 9)
(2210737418; 8)
(2210738677; 9)
(2210746231; 8)
(2210784001; 9)
(2210786519; 8)
(2210787778; 9)
(2210806663; 8)
(2210807922; 9)
(2210810440; 8)
(2210811699; 9)
(2224828278; 8)
(2224830804; 9)
(2224832067; 8)
(2224833330; 9)
(2224834593; 8)
(2224876272; 9)
(2224882587; 8)
(2224883850; 9)
(2224885113; 8)
(2224941948; 9)
(2224943211; 8)
(2224957104; 9)
(2224958367; 8)
(2225026569; 9)
(2225221071; 8)
(2225236227; 9)
(2225240016; 8)
(2225241279; 9)
(2225246331; 8)
(2225247594; 9)
(2225315796; 8)
(2225338530; 9)
(2225341056; 8)
(2225344845; 9)
(2225353686; 8)
(2225396628; 9)
(2225400417; 8)
(2225404206; 9)
(2225406732; 8)
(2225409258; 9)
(2225423151; 8)
(2225428203; 9)
(2225438307; 8)
(2229196338; 7)
(2229214034; 8)
(2229346754; 7)
(2229348018; 8)
(2229349282; 7)
(2229350546; 8)
(2229355602; 7)
(2229373298; 8)
(2229407426; 7)
(2229416274; 8)
(2229422594; 7)
(2229425122; 8)
(2229431442; 7)
(2229432706; 8)
(2229436498; 7)
(2229437762; 8)
(2229439026; 7)
(2229506018; 8)
(2229526242; 7)
(2229528770; 8)
(2229531298; 7)
(2229541410; 8)
(2229542674; 7)
(2229550258; 8)
(2229551522; 7)
(2229634946; 8)
(2229636210; 7)
(2229640002; 8)
(2229641266; 7)
(2229642530; 8)
(2229653906; 7)
(2229655170; 8)
(2229661490; 7)
(2230047010; 8)
(2230084930; 7)
(2230093778; 8)
(2230095042; 7)
(2230097570; 8)
(2230124114; 7)
(2230125378; 8)
(2232233948; 7)
(2232241538; 8)
(2232270633; 7)
(2245775063; 6)
(2245776332; 7)
(2245777601; 6)
(2245815671; 7)
(2245816940; 6)
(2245820747; 7)
(2245822016; 6)
(2245832168; 7)
(2245992062; 6)
(2245998407; 7)
(2246000945; 6)
(2246002214; 7)
(2246385452; 6)
(2246386721; 7)
(2246740772; 6)
(2246742041; 7)
(2246782649; 6)
(2246787725; 7)
(2246788994; 6)
(2246832140; 7)
(2246847368; 6)
(2246848637; 7)
(2247531359; 6)
(2247643031; 7)
(2247644300; 6)
(2247651914; 7)
(2247749627; 6)
(2247750896; 7)
(2247754703; 6)
(2247759779; 7)
(2247767393; 6)
(2247781352; 7)
(2247782621; 6)
(2247835919; 7)
(2247851147; 6)
(2247857492; 7)
(2247860030; 6)
(2247900638; 7)
(2247906983; 6)
(2247909521; 7)
(2247910790; 6)
(2248216770; 7)
(2248218040; 6)
(2248234550; 7)
(2248235820; 6)
(2248477120; 7)
(2248601580; 6)
(2248634600; 7)
(2248646030; 6)
(2248648570; 7)
(2248657460; 6)
(2248662540; 7)
(2248690480; 6)
(2248691750; 7)
(2248712070; 6)
(2248713340; 7)
(2248741280; 6)
(2248760330; 7)
(2248764140; 6)
(2248769220; 7)
(2248776840; 6)
(2248778110; 7)
(2248780650; 6)
(2248781920; 7)
(2248804780; 6)
(2248811130; 7)
(2248832720; 6)
(2248833990; 7)
(2248844150; 6)
(2248851770; 7)
(2255176722; 8)
(2255177994; 7)
(2255180538; 8)
(2255184354; 7)
(2255186898; 8)
(2255194530; 7)
(2255197074; 8)
(2255200890; 7)
(2255202162; 8)
(2255207250; 7)
(2255211066; 8)
(2255225058; 7)
(2255228874; 8)
(2255253042; 7)
(2255260674; 8)
(2255268306; 7)
(2255269578; 8)
(2255296290; 7)
(2255297562; 8)
(2255306466; 7)
(2255526522; 8)
(2255539242; 7)
(2255540514; 8)
(2255541786; 7)
(2255548146; 8)
(2255573586; 7)
(2255587578; 8)
(2255684250; 7)
(2255685522; 8)
(2255709690; 7)
(2255721138; 8)
(2255724954; 7)
(2255728770; 8)
(2255733858; 7)
(2255770746; 8)
(2255772018; 7)
(2255773290; 8)
(2255774562; 7)
(2255777106; 8)
(2255783466; 7)
(2255792370; 8)
(2255794914; 7)
(2255913210; 8)
(2255928474; 7)
(2256748914; 8)
(2256761634; 7)
(2256762906; 8)
(2256769266; 7)
(2256771810; 8)
(2256774354; 7)
(2256815058; 8)
(2256845586; 7)
(2256846858; 8)
(2256848130; 7)
(2256849402; 8)
(2256854490; 7)
(2256892650; 8)
(2256906642; 7)
(2256909186; 8)
(2256913002; 7)
(2257465050; 8)
(2257466322; 7)
(2257470138; 8)
(2257472682; 7)
(2257486674; 8)
(2257495578; 7)
(2257496850; 8)
(2257500666; 7)
(2257560450; 8)
(2257561722; 7)
(2257562994; 8)
(2257580802; 7)
(2257606242; 8)
(2257607514; 7)
(2257611330; 8)
(2257664754; 7)
(2257883538; 8)
(2260243071; 7)
(2260253255; 8)
(2260329635; 7)
(2260889755; 8)
(2260892301; 7)
(2260905031; 8)
(2260913942; 7)
(2260919034; 8)
(2260920307; 7)
(2260936856; 8)
(2260940675; 7)
(2260941948; 8)
(2260943221; 7)
(2260947040; 8)
(2261037423; 7)
(2261038696; 8)
(2261414231; 7)
(2261419323; 8)
(2261423142; 7)
(2261425688; 8)
(2261460059; 7)
(2261461332; 8)
(2261467697; 7)
(2261493157; 8)
(2261496976; 7)
(2261505887; 8)
(2261521163; 7)
(2261524982; 8)
(2261699383; 7)
(2261731208; 8)
(2261864873; 7)
(2261906882; 8)
(2261917066; 7)
(2261918339; 8)
(2261922158; 7)
(2261924704; 8)
(2261946345; 7)
(2261952710; 8)
(2261973078; 7)
(2262269736; 8)
(2262273558; 7)
(2262278654; 8)
(2262288846; 7)
(2262290120; 8)
(2262291394; 7)
(2262295216; 8)
(2262296490; 7)
(2262300312; 8)
(2262304134; 7)
(2262305408; 8)
(2262327066; 7)
(2263923388; 8)
(2264113214; 7)
(2264570580; 8)
(2264579498; 7)
(2264583320; 8)
(2264621540; 7)
(2264754036; 8)
(2264770598; 7)
(2293723599; 8)
(2293727445; 7)
(2293730009; 8)
(2293987691; 7)
(2293992819; 8)
(2293994101; 7)
(2293999229; 8)
(2294000511; 7)
(2294004357; 8)
(2294049227; 7)
(2294050509; 8)
(2294100507; 7)
(2294101789; 8)
(2294103071; 7)
(2294122301; 8)
(2294123583; 7)
(2294129993; 8)
(2294141531; 7)
(2294142813; 8)
(2294144095; 7)
(2294187683; 8)
(2294218451; 7)
(2294219733; 8)
(2294245373; 7)
(2294431379; 8)
(2294818845; 7)
(2294820128; 8)
(2294826543; 7)
(2294940730; 8)
(2294994616; 7)
(2295034389; 8)
(2295036955; 7)
(2295048502; 8)
(2295051068; 7)
(2295156274; 8)
(2295157557; 7)
(2295166538; 8)
(2295179368; 7)
(2295184500; 8)
(2295185783; 7)
(2295187066; 8)
(2295193481; 7)
(2295194764; 8)
(2295197330; 7)
(2297985386; 8)
(2301366158; 7)
(2301367442; 8)
(2301370010; 7)
(2301372578; 8)
(2301375146; 7)
(2301376430; 8)
(2301381566; 7)
(2301382850; 8)
(2301396974; 7)
(2301400826; 8)
(2301800429; 7)
(2301811994; 8)
(2301826129; 7)
(2301833839; 8)
(2301835124; 7)
(2301840264; 8)
(2301917364; 7)
(2301940494; 8)
(2301943064; 7)
(2301948204; 8)
(2301952059; 7)
(2301953344; 8)
(2301955914; 7)
(2301961054; 8)
(2301980329; 7)
(2301982899; 8)
(2309051302; 7)
(2309053876; 8)
(2309128522; 7)
(2309129809; 8)
(2309131096; 7)
(2309181289; 8)
(2309187724; 7)
(2309674210; 8)
(2309675497; 7)
(2309679358; 8)
(2309680645; 7)
(2309681932; 8)
(2309698663; 7)
(2309710246; 8)
(2309711533; 7)
(2309712820; 8)
(2309714107; 7)
(2309716681; 8)
(2309717968; 7)
(2309723116; 8)
(2309742421; 7)
(2309743708; 8)
(2309797762; 7)
(2309800336; 8)
(2320347607; 9)
(2320351477; 8)
(2320360507; 9)
(2320373407; 8)
(2320375987; 9)
(2320379857; 8)
(2320381147; 9)
(2320387597; 8)
(2351977685; 7)
(2351978984; 8)
(2351980283; 7)
(2352017954; 8)
(2352019253; 7)
(2352020552; 8)
(2352021851; 7)
(2352023150; 8)
(2352024449; 7)
(2352050429; 8)
(2352054326; 7)
(2352141359; 8)
(2352150452; 7)
(2352151751; 8)
(2352153050; 7)
(2352154349; 8)
(2352169937; 7)
(2352182927; 8)
(2352233588; 7)
(2352238784; 8)
(2352243980; 7)
(2352246578; 8)
(2352251774; 7)
(2352253073; 8)
(2352259568; 7)
(2352262166; 8)
(2352342704; 7)
(2352344003; 8)
(2352345302; 7)
(2352350498; 8)
(2352353096; 7)
(2352355694; 8)
(2352369983; 7)
(2352372581; 8)
(2352373880; 7)
(2352379076; 8)
(2352380375; 7)
(2352388169; 8)
(2352390767; 7)
(2352420644; 8)
(2352458315; 7)
(2352459614; 8)
(2352473903; 7)
(2352481697; 8)
(2352490790; 7)
(2352492089; 8)
(2352493388; 7)
(2352494687; 8)
(2352555740; 7)
(2352601205; 8)
(2352603803; 7)
(2352606401; 8)
(2352607700; 7)
(2352681743; 8)
(2352775271; 7)
(2352776570; 8)
(2352788261; 7)
(2352790859; 8)
(2352793457; 7)
(2352796055; 8)
(2352807746; 7)
(2352845417; 8)
(2352850613; 7)
(2352854510; 8)
(2352858407; 7)
(2352859706; 8)
(2352866201; 7)
(2352873995; 8)
(2352881789; 7)
(2352893480; 8)
(2363835459; 7)
(2363836761; 8)
(2363839365; 7)
(2363844573; 8)
(2363845875; 7)
(2363847177; 8)
(2364233871; 7)
(2364246891; 8)
(2364431775; 7)
(2364433077; 8)
(2364436983; 7)
(2377847831; 8)
(2377849137; 7)
(2377862197; 8)
(2377877869; 7)
(2378126009; 8)
(2378131233; 7)
(2378136457; 8)
(2378216123; 7)
(2378218735; 8)
(2378260527; 7)
(2378264445; 8)
(2378269669; 7)
(2378401575; 8)
(2378406799; 7)
(2378408105; 8)
(2378429001; 7)
(2378436837; 8)
(2378495607; 7)
(2378496913; 8)
(2378500831; 7)
(2378516503; 8)
(2378517809; 7)
(2378523033; 8)
(2378906997; 7)
(2378909609; 8)
(2378913527; 7)
(2378944871; 8)
(2378948789; 7)
(2378952707; 8)
(2378959237; 7)
(2378960543; 8)
(2379268759; 7)
(2379270065; 8)
(2379275289; 7)
(2379288349; 8)
(2379298797; 7)
(2379301409; 8)
(2379340589; 7)
(2379341895; 8)
(2379343201; 7)
(2379347119; 8)
(2379387605; 7)
(2379486861; 8)
(2379489473; 7)
(2379490779; 8)
(2379492085; 7)
(2379493391; 8)
(2379537795; 7)
(2379625297; 8)
(2379643581; 7)
(2379661865; 8)
(2379663171; 7)
(2379676231; 8)
(2379677537; 7)
(2379681455; 8)
(2379682761; 7)
(2379684067; 8)
(2379729777; 7)
(2380006649; 8)
(2380022321; 7)
(2380035381; 8)
(2380039299; 7)
(2380053665; 8)
(2380054971; 7)
(2380056277; 8)
(2380057583; 7)
(2380064113; 8)
(2380066725; 7)
(2380068031; 8)
(2380602185; 7)
(2381850127; 8)
(2381852741; 7)
(2381859276; 8)
(2381907635; 7)
(2382408216; 8)
(2382410830; 7)
(2382416058; 8)
(2382417365; 7)
(2382422593; 8)
(2382427821; 7)
(2382431742; 8)
(2382435663; 7)
(2382436970; 8)
(2382440891; 7)
(2382451347; 8)
(2382452654; 7)
(2382455268; 8)
(2382478794; 7)
(2382485329; 8)
(2382486636; 7)
(2382487943; 8)
(2382490557; 7)
(2382493171; 8)
(2382494478; 7)
(2382495785; 8)
(2382498399; 7)
(2382507548; 8)
(2382542837; 7)
(2382544144; 8)
(2382550679; 7)
(2382551986; 8)
(2382729738; 7)
(2382731045; 8)
(2385874074; 7)
(2385875382; 8)
(2385897618; 7)
(2386504530; 8)
(2386507146; 7)
(2386511070; 8)
(2386512378; 7)
(2386522842; 8)
(2386530690; 7)
(2386555542; 8)
(2386660182; 7)
(2386661490; 8)
(2386662798; 7)
(2386686342; 8)
(2386692882; 7)
(2386694190; 8)
(2387643798; 7)
(2387645106; 8)
(2387654262; 7)
(2387655570; 8)
(2387790294; 7)
(2387799450; 8)
(2387800758; 7)
(2387802066; 8)
(2387809914; 7)
(2387822994; 8)
(2387828226; 7)
(2387830842; 8)
(2387838690; 7)
(2387921094; 8)
(2388757322; 7)
(2388774339; 8)
(2388776957; 7)
(2389575447; 8)
(2389576756; 7)
(2389585919; 8)
(2389592464; 7)
(2389634352; 8)
(2389800595; 7)
(2389801904; 8)
(2412272634; 7)
(2412284469; 8)
(2412287099; 7)
(2412288414; 8)
(2412292359; 7)
(2412331809; 8)
(2412352849; 7)
(2412355479; 8)
(2412380464; 7)
(2412471199; 8)
(2412477774; 7)
(2412480404; 8)
(2412481719; 7)
(2412486979; 8)
(2412489609; 7)
(2412496184; 8)
(2412504074; 7)
(2412509334; 8)
(2412513279; 7)
(2412514594; 8)
(2412559304; 7)
(2412560619; 8)
(2412569824; 7)
(2412584289; 8)
(2412586919; 7)
(2412600069; 8)
(2412602699; 7)
(2412667134; 8)
(2412669764; 7)
(2412671079; 8)
(2412672394; 7)
(2412675024; 8)
(2412677654; 7)
(2412743404; 8)
(2412744719; 7)
(2412746034; 8)
(2412747349; 7)
(2412748664; 8)
(2412755239; 7)
(2412756554; 8)
(2412767074; 7)
(2412768389; 8)
(2412772334; 7)
(2413490324; 8)
(2413774364; 7)
(2414036211; 8)
(2414038843; 7)
(2414107275; 8)
(2414161231; 7)
(2414165179; 8)
(2414167811; 7)
(2414174391; 8)
(2414177023; 7)
(2419746730; 8)
(2419748047; 7)
(2419749364; 8)
(2419753315; 7)
(2419754632; 8)
(2419755949; 7)
(2419759900; 8)
(2419761217; 7)
(2419765168; 8)
(2419766485; 7)
(2419769119; 8)
(2419811263; 7)
(2419817848; 8)
(2419819165; 7)
(2419820482; 8)
(2419832335; 7)
(2419837603; 8)
(2419840237; 7)
(2419845505; 8)
(2419846822; 7)
(2419848139; 8)
(2419849456; 7)
(2419853407; 8)
(2419898185; 7)
(2419900819; 8)
(2419903453; 7)
(2419910038; 8)
(2419953499; 7)
(2419971937; 8)
(2419983790; 7)
(2419985107; 8)
(2419995643; 7)
(2419996960; 8)
(2419999594; 7)
(2420000911; 8)
(2420939932; 7)
(2421205997; 8)
(2421220495; 7)
(2421221813; 8)
(2421245537; 7)
(2421252127; 8)
(2421253445; 7)
(2421258717; 8)
(2421273215; 7)
(2421277169; 8)
(2421279805; 7)
(2421493321; 8)
(2421494639; 7)
(2421497275; 8)
(2422841635; 7)
(2422842953; 8)
(2422844271; 7)
(2422845589; 8)
(2422852179; 7)
(2422854815; 8)
(2422878539; 7)
(2431275893; 8)
(2431283813; 7)
(2431394693; 8)
(2431407893; 7)
(2431410533; 8)
(2431419773; 7)
(2431429013; 8)
(2431435613; 7)
(2431715453; 8)
(2431716773; 7)
(2431930613; 8)
(2431931933; 7)
(2431933253; 8)
(2431935893; 7)
(2431937213; 8)
(2445428457; 9)
(2445429781; 8)
(2445432429; 9)
(2445437725; 8)
(2445439049; 9)
(2445443021; 8)
(2445444345; 9)
(2445445669; 8)
(2445457585; 9)
(2445493333; 8)
(2446154009; 9)
(2446157981; 8)
(2446429401; 9)
(2446433373; 8)
(2446434697; 9)
(2446539293; 8)
(2446541941; 9)
(2461368355; 8)
(2461382963; 9)
(2461398899; 8)
(2461400227; 9)
(2461842522; 8)
(2461845180; 9)
(2461849167; 8)
(2461850496; 9)
(2461851825; 8)
(2461853154; 9)
(2461854483; 8)
(2461863786; 9)
(2461867773; 8)
(2461869102; 9)
(2461871760; 8)
(2461875747; 9)
(2461885050; 8)
(2461899669; 9)
(2461915617; 8)
(2461920933; 9)
(2461948842; 8)
(2461950171; 9)
(2461963461; 8)
(2461964790; 9)
(2462005989; 8)
(2462016621; 9)
(2462020608; 8)
(2462047188; 9)
(2462076426; 8)
(2462077755; 9)
(2462093703; 8)
(2462101677; 9)
(2462108322; 8)
(2462113638; 9)
(2462116296; 8)
(2462126928; 9)
(2462129586; 8)
(2462340897; 9)
(2462364819; 8)
(2462378109; 9)
(2462386083; 8)
(2462391399; 9)
(2462395386; 8)
(2462396715; 9)
(2462398044; 8)
(2462399373; 9)
(2462428611; 8)
(2462429940; 9)
(2474422727; 10)
(2474438711; 9)
(2474483999; 10)
(2474485331; 9)
(2474533283; 10)
(2474534615; 9)
(2474535947; 10)
(2474538611; 9)
(2474554595; 10)
(2474798351; 9)
(2474888927; 10)
(2474900915; 9)
(2474903579; 10)
(2474915567; 9)
(2474918231; 10)
(2474919563; 9)
(2474920895; 10)
(2474923559; 9)
(2474926223; 10)
(2474927555; 9)
(2474928887; 10)
(2474944871; 9)
(2474947535; 10)
(2474948867; 9)
(2474958191; 10)
(2474972843; 9)
(2474974175; 10)
(2474975507; 9)
(2474976839; 10)
(2474978171; 9)
(2475008807; 10)
(2475015467; 9)
(2475019463; 10)
(2475022127; 9)
(2475047435; 10)
(2475052763; 9)
(2475518963; 10)
(2475529619; 9)
(2475545603; 10)
(2475566915; 9)
(2475570911; 10)
(2475576239; 9)
(2475577571; 10)
(2475582899; 9)
(2475584231; 10)
(2475585563; 9)
(2475586895; 10)
(2475588227; 9)
(2475605543; 10)
(2475610871; 9)
(2475612203; 10)
(2475613535; 9)
(2475633515; 10)
(2475681467; 9)
(2475682799; 10)
(2475686795; 9)
(2475689459; 10)
(2475697451; 9)
(2475698783; 10)
(2475700115; 9)
(2475708107; 10)
(2475709439; 9)
(2475713435; 10)
(2475725423; 9)
(2475726755; 10)
(2475728087; 9)
(2475733415; 10)
(2475734747; 9)
(2475762719; 10)
(2475764051; 9)
(2475765383; 10)
(2475769379; 9)
(2475782699; 10)
(2475786695; 9)
(2476073075; 10)
(2476083731; 9)
(2476085063; 10)
(2476093055; 9)
(2476099715; 10)
(2476102379; 9)
(2476103711; 10)
(2476105043; 9)
(2476109039; 10)
(2476131683; 9)
(2476133015; 10)
(2476196951; 9)
(2476202279; 10)
(2476220927; 9)
(2476226255; 10)
(2476227587; 9)
(2476240907; 10)
(2476252895; 9)
(2476528619; 10)
(2476553927; 9)
(2476559255; 10)
(2476904480; 9)
(2476911145; 10)
(2476912478; 9)
(2479587809; 10)
(2479589142; 9)
(2479703780; 10)
(2479861074; 9)
(2479925058; 10)
(2479950385; 9)
(2479951718; 10)
(2479953051; 9)
(2479954384; 10)
(2479957050; 9)
(2479959716; 10)
(2479970380; 9)
(2480049027; 10)
(2480063690; 9)
(2480067689; 10)
(2480069022; 9)
(2480075687; 10)
(2480103680; 9)
(2480105013; 10)
(2480107679; 9)
(2480155667; 10)
(2480157000; 9)
(2480183660; 10)
(2480190325; 9)
(2480230315; 10)
(2480726506; 9)
(2480727840; 10)
(2480729174; 9)
(2480730508; 10)
(2480731842; 9)
(2480733176; 10)
(2480734510; 9)
(2480735844; 10)
(2480747850; 9)
(2480749184; 10)
(2480998642; 9)
(2480999976; 10)
(2481007980; 9)
(2481018652; 10)
(2481019986; 9)
(2481380166; 10)
(2481394840; 9)
(2481747016; 10)
(2492105970; 11)
(2492108644; 10)
(2492111318; 11)
(2492112655; 10)
(2492113992; 11)
(2492134047; 10)
(2492135384; 11)
(2492142069; 10)
(2492154102; 11)
(2492155439; 10)
(2492159450; 11)
(2492168809; 10)
(2492186190; 11)
(2492902822; 10)
(2492912181; 11)
(2492928225; 10)
(2492934910; 11)
(2492976357; 10)
(2493163537; 11)
(2493171559; 10)
(2507506837; 9)
(2507508178; 10)
(2507510860; 9)
(2507512201; 10)
(2507518906; 9)
(2507549749; 10)
(2507565841; 9)
(2507568523; 10)
(2507639596; 9)
(2507640937; 10)
(2507658370; 9)
(2507663734; 10)
(2507665075; 9)
(2507935957; 10)
(2507958754; 9)
(2507976187; 10)
(2508016417; 9)
(2508017758; 10)
(2508019099; 9)
(2508111628; 10)
(2508116992; 9)
(2508169291; 10)
(2508175996; 9)
(2508206839; 10)
(2508212203; 9)
(2508213544; 10)
(2508216226; 9)
(2508303391; 10)
(2508304732; 9)
(2508306073; 10)
(2508403966; 9)
(2508405307; 10)
(2508421399; 9)
(2508422740; 10)
(2508424081; 9)
(2508425422; 10)
(2508572932; 9)
(2508609139; 10)
(2508619867; 9)
(2508621208; 10)
(2508627913; 9)
(2508629254; 10)
(2508753967; 9)
(2508947071; 10)
(2509250137; 9)
(2509255501; 10)
(2509256842; 9)
(2509258183; 10)
(2509283662; 9)
(2509339984; 10)
(2509341325; 9)
(2509348030; 10)
(2509349371; 9)
(2509350712; 10)
(2509352053; 9)
(2509578682; 10)
(2509580023; 9)
(2509582705; 10)
(2509585387; 9)
(2509614889; 10)
(2509740943; 9)
(2509964890; 10)
(2509966231; 9)
(2511239656; 10)
(2511240998; 9)
(2511246366; 10)
(2511263812; 9)
(2511265154; 10)
(2511271864; 9)
(2511274548; 10)
(2511294678; 9)
(2511473164; 10)
(2511478532; 9)
(2511479874; 10)
(2512183082; 9)
(2512189792; 10)
(2512192476; 9)
(2512195160; 10)
(2512199186; 9)
(2512203212; 10)
(2512506504; 9)
(2512507846; 10)
(2512510530; 9)
(2512530660; 10)
(2512533344; 9)
(2512538712; 10)
(2512549448; 9)
(2512550790; 10)
(2512922524; 9)
(2513110404; 10)
(2513235210; 9)
(2513236552; 10)
(2513237894; 9)
(2513239236; 10)
(2513240578; 9)
(2513249972; 10)
(2513284864; 9)
(2513286206; 10)
(2513291574; 9)
(2513294258; 10)
(2513304994; 9)
(2513612312; 10)
(2513625732; 9)
(2513632442; 10)
(2513656598; 9)
(2513665992; 10)
(2551982013; 11)
(2552110548; 10)
(2552113254; 11)
(2552136255; 10)
(2552137608; 11)
(2552151138; 10)
(2552184963; 11)
(2552205258; 10)
(2552213376; 11)
(2552217435; 10)
(2552220141; 11)
(2552225553; 10)
(2552229612; 11)
(2552232318; 10)
(2552233671; 11)
(2552239083; 10)
(2552247201; 11)
(2552270202; 10)
(2552301321; 11)
(2552305380; 10)
(2552309439; 11)
(2552310792; 10)
(2552313498; 11)
(2552506977; 10)
(2552780283; 11)
(2552791107; 10)
(2552807343; 11)
(2552835756; 10)
(2552842521; 11)
(2552845227; 10)
(2552847933; 11)
(2552857404; 10)
(2552862816; 11)
(2552868228; 10)
(2552869581; 11)
(2552870934; 10)
(2552874993; 11)
(2552876346; 10)
(2554106223; 11)
(2554108929; 10)
(2554140048; 11)
(2554144107; 10)
(2554145460; 11)
(2554146813; 10)
(2561645050; 9)
(2561647760; 10)
(2561692475; 9)
(2561695185; 10)
(2561724995; 9)
(2561738545; 10)
(2561748030; 9)
(2561750740; 10)
(2561754805; 9)
(2561757515; 10)
(2561761580; 9)
(2561762935; 10)
(2561769710; 9)
(2561791390; 10)
(2561792745; 9)
(2561795455; 10)
(2569097286; 9)
(2569108142; 10)
(2569116284; 9)
(2569117641; 10)
(2569121712; 9)
(2569123069; 10)
(2569124426; 9)
(2569125783; 10)
(2569129854; 9)
(2569131211; 10)
(2569135282; 9)
(2569139353; 10)
(2569140710; 9)
(2569383613; 10)
(2569390398; 9)
(2569393112; 10)
(2569394469; 9)
(2569395826; 10)
(2569398540; 9)
(2569402611; 10)
(2569418895; 9)
(2569425680; 10)
(2569431108; 9)
(2569441964; 10)
(2569446035; 9)
(2569473175; 10)
(2569477246; 9)
(2569517956; 10)
(2569519313; 9)
(2569528812; 10)
(2569535597; 9)
(2569573593; 10)
(2581160219; 11)
(2581162939; 10)
(2581164299; 11)
(2582169666; 10)
(2582184637; 11)
(2582187359; 10)
(2582192803; 11)
(2582195525; 10)
(2582229550; 11)
(2582305766; 10)
(2582402397; 11)
(2582403758; 10)
(2582406480; 11)
(2582497667; 10)
(2582500389; 11)
(2582504472; 10)
(2582508555; 11)
(2582518082; 10)
(2582573883; 11)
(2582575244; 10)
(2582576605; 11)
(2582587493; 10)
(2582611991; 11)
(2582616074; 10)
(2582621518; 11)
(2582622879; 10)
(2582625601; 11)
(2582626962; 10)
(2582633767; 11)
(2582643294; 10)
(2582659626; 11)
(2583374151; 10)
(2583397288; 11)
(2583402732; 10)
(2583406815; 11)
(2583408176; 10)
(2583409537; 11)
(2583412259; 10)
(2583423147; 11)
(2583424508; 10)
(2583427230; 11)
(2583468060; 10)
(2583508890; 11)
(2583511612; 10)
(2583512973; 11)
(2583514334; 10)
(2583515695; 11)
(2583519778; 10)
(2583526583; 11)
(2583536110; 10)
(2583541554; 11)
(2583583745; 10)
(2583585106; 11)
(2583587828; 10)
(2583598716; 11)
(2583600077; 10)
(2583609604; 11)
(2583783812; 10)
(2583785173; 11)
(2583800144; 10)
(2583906302; 11)
(2583907663; 10)
(2583938966; 11)
(2583958020; 10)
(2583983879; 11)
(2583985240; 10)
(2583987962; 11)
(2583989323; 10)
(2583993406; 11)
(2583996128; 10)
(2584008377; 11)
(2584009738; 10)
(2584012460; 11)
(2584013821; 10)
(2584016543; 11)
(2584080510; 10)
(2584943384; 11)
(2584984214; 10)
(2584988297; 11)
(2584989658; 10)
(2584995102; 11)
(2585701594; 10)
(2585709766; 11)
(2585711128; 10)
(2585803744; 11)
(2585805106; 10)
(2585810554; 11)
(2585811916; 10)
(2585817364; 11)
(2585818726; 10)
(2588278498; 11)
(2588281222; 10)
(2588282584; 11)
(2588290756; 10)
(2588292118; 11)
(2588293480; 10)
(2588320720; 11)
(2588322082; 10)
(2588323444; 11)
(2589068458; 10)
(2589076630; 11)
(2589079354; 10)
(2589080716; 11)
(2589097060; 10)
(2589098422; 11)
(2589102508; 10)
(2589103870; 11)
(2589106594; 10)
(2589109318; 11)
(2589113404; 10)
(2589114766; 11)
(2589122938; 10)
(2589124300; 11)
(2589131110; 10)
(2590048272; 11)
(2590082347; 10)
(2590085073; 11)
(2590086436; 10)
(2590094614; 11)
(2590095977; 10)
(2590117785; 11)
(2590123237; 10)
(2590131415; 11)
(2590134141; 10)
(2590135504; 11)
(2590136867; 10)
(2590647992; 11)
(2590649355; 10)
(2590652081; 11)
(2590653444; 10)
(2590656170; 11)
(2590947852; 10)
(2590953304; 11)
(2590954667; 10)
(2590956030; 11)
(2591422176; 10)
(2591426265; 11)
(2591427628; 10)
(2591430354; 11)
(2591614359; 10)
(2591656612; 11)
(2591663427; 10)
(2591664790; 11)
(2591668879; 10)
(2599170098; 11)
(2599235618; 10)
(2599236983; 11)
(2599238348; 10)
(2599239713; 11)
(2599243808; 10)
(2599245173; 11)
(2599246538; 10)
(2599253363; 11)
(2599256093; 10)
(2599257458; 11)
(2599258823; 10)
(2599268378; 11)
(2599269743; 10)
(2599288853; 11)
(2599291583; 10)
(2599329803; 11)
(2599504523; 10)
(2599505888; 11)
(2599508618; 10)
(2599512713; 11)
(2599514078; 10)
(2599919483; 11)
(2599926308; 10)
(2599935863; 11)
(2599942688; 10)
(2599956338; 11)
(2600581508; 10)
(2600582873; 11)
(2600585603; 10)
(2600604713; 11)
(2600607443; 10)
(2600621093; 11)
(2600622458; 10)
(2600626553; 11)
(2600627918; 10)
(2600629283; 11)
(2600630648; 10)
(2600634743; 11)
(2600641568; 10)
(2600769908; 11)
(2600804058; 10)
(2600808156; 11)
(2600820450; 10)
(2600950220; 11)
(2600951586; 10)
(2600954318; 11)
(2601018520; 10)
(2601019886; 11)
(2601187904; 10)
(2601189270; 11)
(2601192002; 10)
(2601200198; 11)
(2601544430; 10)
(2601649612; 11)
(2601652344; 10)
(2601655076; 11)
(2603424046; 10)
(2603426778; 11)
(2603510104; 10)
(2603523764; 11)
(2603526496; 10)
(2603612554; 11)
(2603613920; 10)
(2603626214; 11)
(2603631678; 10)
(2603694514; 11)
(2603695880; 10)
(2603698612; 11)
(2603715004; 10)
(2603716370; 11)
(2603717736; 10)
(2603735494; 11)
(2603768278; 10)
(2603769644; 11)
(2603771010; 10)
(2604824406; 11)
(2604857214; 10)
(2604876352; 11)
(2604887288; 10)
(2604891389; 11)
(2604902325; 10)
(2604903692; 11)
(2604906426; 10)
(2604907793; 11)
(2605379408; 10)
(2605462795; 11)
(2605465529; 10)
(2605788141; 11)
(2605789508; 10)
(2605816848; 11)
(2606176369; 10)
(2606180470; 11)
(2606185938; 10)
(2606188672; 11)
(2606198241; 10)
(2606806556; 11)
(2606807923; 10)
(2606973330; 11)
(2606974697; 10)
(2607345154; 11)
(2608609819; 10)
(2608899835; 11)
(2608901203; 10)
(2608906675; 11)
(2608910779; 10)
(2608913515; 11)
(2608931299; 10)
(2609018851; 11)
(2609020219; 10)
(2609036635; 11)
(2609057155; 10)
(2609058523; 11)
(2609061259; 10)
(2609063995; 11)
(2609066731; 10)
(2609095459; 11)
(2609200795; 10)
(2609207635; 11)
(2609211739; 10)
(2609269195; 11)
(2609270563; 10)
(2609273299; 11)
(2609337595; 10)
(2609356747; 11)
(2609366323; 10)
(2612856596; 11)
(2612860703; 10)
(2612862072; 11)
(2612864810; 10)
(2612867548; 11)
(2612868917; 10)
(2613003079; 11)
(2613004448; 10)
(2613105754; 11)
(2613109861; 10)
(2613111230; 11)
(2613112599; 10)
(2613113968; 11)
(2613194739; 10)
(2613209798; 11)
(2615256453; 10)
(2615257822; 11)
(2615274250; 10)
(2629402842; 11)
(2629411080; 10)
(2629412453; 11)
(2629417945; 10)
(2629419318; 11)
(2629423437; 10)
(2629426183; 11)
(2629427556; 10)
(2629439913; 11)
(2629441286; 10)
(2629446778; 11)
(2629448151; 10)
(2629449524; 11)
(2629455016; 10)
(2629456389; 11)
(2629459135; 10)
(2629492087; 11)
(2629505817; 10)
(2629508563; 11)
(2629509936; 10)
(2629519547; 11)
(2629530531; 10)
(2629737854; 11)
(2629769433; 10)
(2629770806; 11)
(2629772179; 10)
(2629774925; 11)
(2629776298; 10)
(2629779044; 11)
(2629788655; 10)
(2629790028; 11)
(2629799639; 10)
(2629893003; 11)
(2629895749; 10)
(2629897122; 11)
(2629902614; 10)
(2629906733; 11)
(2629912225; 10)
(2629930074; 11)
(2631322327; 10)
(2631326449; 11)
(2631327823; 10)
(2631329197; 11)
(2631330571; 10)
(2631331945; 11)
(2631336067; 10)
(2631362173; 11)
(2631363547; 10)
(2631364921; 11)
(2631375913; 10)
(2631668575; 11)
(2631671323; 10)
(2631694681; 11)
(2631697429; 10)
(2641457894; 9)
(2641459270; 10)
(2641466150; 9)
(2641475782; 10)
(2641477158; 9)
(2641485414; 10)
(2641486790; 9)
(2663938269; 10)
(2663939651; 9)
(2664004605; 10)
(2664029481; 9)
(2664030863; 10)
(2664037773; 9)
(2664506271; 10)
(2664507653; 9)
(2664510417; 10)
(2664514563; 9)
(2664521473; 10)
(2664527001; 9)
(2664616831; 10)
(2664618213; 9)
(2664659673; 10)
(2664665201; 9)
(2664667965; 10)
(2664669347; 9)
(2664673493; 10)
(2664674875; 9)
(2664681785; 10)
(2664692841; 9)
(2665274663; 10)
(2667589378; 9)
(2668153642; 10)
(2668155025; 9)
(2668156408; 10)
(2668157791; 9)
(2668166089; 10)
(2668182685; 9)
(2668184068; 10)
(2668185451; 9)
(2668186834; 10)
(2668190983; 9)
(2668343113; 10)
(2668368007; 9)
(2668405348; 10)
(2668406731; 9)
(2668412263; 10)
(2668513222; 9)
(2668514605; 10)
(2668536733; 9)
(2668539499; 10)
(2668542265; 9)
(2668636309; 10)
(2668639075; 9)
(2668640458; 10)
(2668675033; 9)
(2668677799; 10)
(2668681948; 9)
(2668684714; 10)
(2668686097; 9)
(2668688863; 10)
(2668905994; 9)
(2668936420; 10)
(2668937803; 9)
(2668939186; 10)
(2668940569; 9)
(2668941952; 10)
(2668946101; 9)
(2668948867; 10)
(2669143870; 9)
(2669179828; 10)
(2669189509; 9)
(2669190892; 10)
(2669197807; 9)
(2669199190; 10)
(2669200573; 9)
(2669201956; 10)
(2669206105; 9)
(2669210254; 10)
(2669219935; 9)
(2669224084; 10)
(2669225467; 9)
(2669228233; 10)
(2669235148; 9)
(2670199445; 10)
(2670206365; 9)
(2670207749; 10)
(2670469325; 9)
(2670473477; 10)
(2670474861; 9)
(2670479013; 10)
(2670483165; 9)
(2670484549; 10)
(2670487317; 9)
(2670578661; 10)
(2670580045; 9)
(2670584197; 10)
(2670588349; 9)
(2670616029; 10)
(2670632637; 9)
(2670647861; 10)
(2670876221; 9)
(2671193157; 10)
(2671194541; 9)
(2671220837; 10)
(2671227757; 9)
(2671238829; 10)
(2671241597; 9)
(2671252669; 10)
(2671260973; 9)
(2671262357; 10)
(2671265125; 9)
(2671313565; 10)
(2671370309; 9)
(2671374461; 10)
(2671386917; 9)
(2671399373; 10)
(2671478261; 9)
(2671479645; 10)
(2671485181; 9)
(2671537773; 10)
(2671539157; 9)
(2671540541; 10)
(2671544693; 9)
(2671546077; 10)
(2671594517; 9)
(2671595901; 10)
(2671598669; 9)
(2671644341; 10)
(2671652645; 9)
(2671655413; 10)
(2671662333; 9)
(2672096909; 10)
(2672098293; 9)
(2672099677; 10)
(2672204861; 9)
(2672211781; 10)
(2676601242; 9)
(2676604012; 10)
(2684363052; 11)
(2684364439; 10)
(2687175943; 11)
(2687178719; 10)
(2687180107; 11)
(2687250895; 10)
(2687252283; 11)
(2687255059; 10)
(2687256447; 11)
(2687266163; 10)
(2687267551; 11)
(2687270327; 10)
(2687274491; 11)
(2687277267; 10)
(2687278655; 11)
(2687282819; 10)
(2687336951; 11)
(2687339727; 10)
(2695924681; 11)
(2695942751; 10)
(2695945531; 11)
(2695970551; 10)
(2695981671; 11)
(2695984451; 10)
(2697737919; 11)
(2697750438; 10)
(2697757393; 11)
(2697764348; 10)
(2697768521; 11)
(2697803296; 10)
(2697808860; 11)
(2712618320; 12)
(2712619715; 11)
(2712621110; 12)
(2712647615; 11)
(2712651800; 12)
(2712736895; 11)
(2712759215; 12)
(2712760610; 11)
(2712762005; 12)
(2712928010; 11)
(2712929405; 12)
(2712967070; 11)
(2713123310; 12)
(2713124705; 11)
(2713160975; 12)
(2713170740; 11)
(2713174925; 12)
(2713176320; 11)
(2713202825; 12)
(2713204220; 11)
(2713205615; 12)
(2713213985; 11)
(2713216775; 12)
(2713491590; 11)
(2713638065; 12)
(2713640855; 11)
(2713660385; 12)
(2713712000; 11)
(2713713395; 12)
(2716472888; 11)
(2716507788; 12)
(2716509184; 11)
(2716511976; 12)
(2716650180; 11)
(2716671120; 12)
(2716676704; 11)
(2716682288; 12)
(2716687872; 11)
(2716689268; 12)
(2716690664; 11)
(2727272827; 12)
(2727428005; 11)
(2727430801; 12)
(2727432199; 11)
(2727433597; 12)
(2727439189; 11)
(2727441985; 12)
(2727444781; 11)
(2727447577; 12)
(2727448975; 11)
(2727465751; 12)
(2727468547; 11)
(2727475537; 12)
(2727476935; 11)
(2727502099; 12)
(2727510487; 11)
(2727511885; 12)
(2727517477; 11)
(2727520273; 12)
(2727525865; 11)
(2727846007; 12)
(2727851599; 11)
(2727910320; 12)
(2727915916; 11)
(2727917315; 12)
(2727924310; 11)
(2727960684; 12)
(2727963482; 11)
(2727964881; 12)
(2727973275; 11)
(2727988664; 12)
(2727995659; 11)
(2728005452; 12)
(2728295045; 11)
(2728296444; 12)
(2728300641; 11)
(2728302040; 12)
(2731077656; 11)
(2731079055; 12)
(2731083252; 11)
(2731091646; 12)
(2731093045; 11)
(2735079736; 12)
(2735193136; 11)
(2735194536; 12)
(2735201536; 11)
(2735202936; 12)
(2735352736; 11)
(2735438136; 12)
(2735446536; 11)
(2735463336; 12)
(2735466136; 11)
(2735467536; 12)
(2735468936; 11)
(2735471736; 12)
(2735473136; 11)
(2735474536; 12)
(2735477336; 11)
(2735478736; 12)
(2735481536; 11)
(2743966444; 12)
(2743977668; 11)
(2743980474; 12)
(2743991698; 11)
(2744014146; 12)
(2744092714; 11)
(2744188118; 12)
(2744192327; 11)
(2744193730; 12)
(2744209163; 11)
(2744315791; 12)
(2744317194; 11)
(2744321403; 12)
(2744334030; 11)
(2744352269; 12)
(2744356478; 11)
(2744388747; 12)
(2744395762; 11)
(2744397165; 12)
(2744405583; 11)
(2744408389; 12)
(2744423822; 11)
(2744439255; 12)
(2744440658; 11)
(2744444867; 12)
(2744449076; 11)
(2744450479; 12)
(2744461703; 11)
(2744467315; 12)
(2744471524; 11)
(2744472927; 12)
(2750288990; 11)
(2750354978; 12)
(2750357786; 11)
(2750370422; 12)
(2750373230; 11)
(2750425178; 12)
(2750432198; 11)
(2750437814; 12)
(2750450450; 11)
(2750451854; 12)
(2750467298; 11)
(2750516438; 12)
(2750531882; 11)
(2750550134; 12)
(2750557154; 11)
(2750558558; 12)
(2750596466; 11)
(2750597870; 12)
(2750599274; 11)
(2750625950; 12)
(2753693952; 11)
(2753719242; 12)
(2753720647; 11)
(2753723457; 12)
(2753724862; 11)
(2753729077; 12)
(2753731887; 11)
(2753734697; 12)
(2753737507; 11)
(2753745937; 12)
(2753761392; 11)
(2753810567; 12)
(2756322050; 11)
(2756323456; 12)
(2756324862; 11)
(2756326268; 12)
(2756348764; 11)
(2756490770; 12)
(2756492176; 11)
(2756493582; 12)
(2756494988; 11)
(2756987088; 12)
(2756988494; 11)
(2756989900; 12)
(2757006772; 11)
(2757626818; 12)
(2757628224; 11)
(2757638066; 12)
(2757676028; 11)
(2757678840; 12)
(2757684464; 11)
(2757695712; 12)
(2757743516; 11)
(2757747734; 12)
(2757753358; 11)
(2757757576; 12)
(2757758982; 11)
(2757788508; 12)
(2757792726; 11)
(2757806786; 12)
(2757808192; 11)
(2758037370; 12)
(2758040182; 11)
(2758055648; 12)
(2758062678; 11)
(2758064084; 12)
(2758078144; 11)
(2758090798; 12)
(2758092204; 11)
(2758093610; 12)
(2758100640; 11)
(2758103452; 12)
(2758104858; 11)
(2758141414; 12)
(2758155474; 11)
(2758156880; 12)
(2758159692; 11)
(2758170940; 12)
(2758173752; 11)
(2758175158; 12)
(2758176564; 11)
(2758179376; 12)
(2758182188; 11)
(2758192030; 12)
(2758193436; 11)
(2758196248; 12)
(2758408554; 11)
(2758412772; 12)
(2758414178; 11)
(2758415584; 12)
(2758419802; 11)
(2758422614; 12)
(2758425426; 11)
(2758426832; 12)
(2758429644; 11)
(2758436674; 12)
(2758438080; 11)
(2758439486; 12)
(2758440892; 11)
(2758457764; 12)
(2758469012; 11)
(2758474636; 12)
(2758476042; 11)
(2758731934; 12)
(2758734746; 11)
(2758738964; 12)
(2758740370; 11)
(2759051096; 12)
(2759053908; 11)
(2759055314; 12)
(2759058126; 11)
(2759211394; 12)
(2759212801; 11)
(2759222650; 12)
(2759225464; 11)
(2759394304; 12)
(2759411188; 11)
(2759412595; 12)
(2759429479; 11)
(2759492794; 12)
(2759502643; 11)
(2759518120; 12)
(2759520934; 11)
(2759523748; 12)
(2759525155; 11)
(2760078106; 12)
(2760110467; 11)
(2760111874; 12)
(2760114688; 11)
(2760116095; 12)
(2760163933; 11)
(2760192073; 12)
(2760196294; 11)
(2760200515; 12)
(2760228655; 11)
(2760230062; 12)
(2760232876; 11)
(2760235690; 12)
(2760237097; 11)
(2760238504; 12)
(2760255388; 11)
(2760256795; 12)
(2760270865; 11)
(2760272272; 12)
(2760275086; 11)
(2760318703; 12)
(2760322924; 11)
(2760369355; 12)
(2760374983; 11)
(2760857584; 12)
(2760858991; 11)
(2760925120; 12)
(2761003912; 11)
(2761554049; 12)
(2761556863; 11)
(2761558270; 12)
(2761608922; 11)
(2761611736; 12)
(2761613143; 11)
(2761615957; 12)
(2761618771; 11)
(2761622992; 12)
(2761628620; 11)
(2761652539; 12)
(2761653946; 11)
(2761655353; 12)
(2761672237; 11)
(2761673644; 12)
(2761698970; 11)
(2761777762; 12)
(2761779169; 11)
(2761780576; 12)
(2761789018; 11)
(2761791832; 12)
(2761793239; 11)
(2761828414; 12)
(2761831228; 11)
(2761838263; 12)
(2761839670; 11)
(2761852333; 12)
(2761857961; 11)
(2761864996; 12)
(2763197484; 11)
(2763245356; 12)
(2763246764; 11)
(2763256620; 12)
(2763265068; 11)
(2763266476; 12)
(2763267884; 11)
(2763269292; 12)
(2763277740; 11)
(2763279148; 12)
(2763283372; 11)
(2763470636; 12)
(2763473452; 11)
(2763474860; 12)
(2767665511; 11)
(2767666920; 12)
(2767669738; 11)
(2767690873; 12)
(2767692282; 11)
(2767716235; 12)
(2767717644; 11)
(2767719053; 12)
(2769529618; 11)
(2769538072; 12)
(2769540890; 11)
(2769708561; 12)
(2769729696; 11)
(2769732514; 12)
(2769739559; 11)
(2769740968; 12)
(2769753649; 11)
(2769755058; 12)
(2769766330; 11)
(2769767739; 12)
(2769919911; 11)
(2769922729; 12)
(2769931183; 11)
(2769932592; 12)
(2769943864; 11)
(2769945273; 12)
(2770689225; 11)
(2770708951; 12)
(2770714587; 11)
(2770723041; 12)
(2770725859; 11)
(2770727268; 12)
(2770752630; 11)
(2770923119; 12)
(2770924528; 11)
(2770963980; 12)
(2770969616; 11)
(2783686839; 12)
(2783691078; 11)
(2783692491; 12)
(2784803109; 11)
(2784804522; 12)
(2784820065; 11)
(2784868107; 12)
(2784872346; 11)
(2784883650; 12)
(2784917562; 11)
(2784921801; 12)
(2784923214; 11)
(2784931692; 12)
(2784933105; 11)
(2784934518; 12)
(2784938757; 11)
(2784941583; 12)
(2784942996; 11)
(2784948648; 12)
(2784951474; 11)
(2784959952; 12)
(2785074405; 11)
(2785084296; 12)
(2785085709; 11)
(2785098426; 12)
(2785108317; 11)
(2785123860; 12)
(2785126686; 11)
(2785162011; 12)
(2785163424; 11)
(2785187445; 12)
(2785862859; 11)
(2785864272; 12)
(2785865685; 11)
(2785867098; 12)
(2785879815; 11)
(2785882641; 12)
(2785888293; 11)
(2785889706; 12)
(2785891119; 11)
(2785892532; 12)
(2785893945; 11)
(2785908075; 12)
(2785909488; 11)
(2785913727; 12)
(2785941987; 11)
(2785947639; 12)
(2785953291; 11)
(2785956117; 12)
(2785957530; 11)
(2785958943; 12)
(2785960356; 11)
(2785966008; 12)
(2785981551; 11)
(2785985790; 12)
(2785987203; 11)
(2785988616; 12)
(2785994268; 11)
(2785995681; 12)
(2785998507; 11)
(2785999920; 12)
(2786001333; 11)
(2786016876; 12)
(2786033832; 11)
(2786035245; 12)
(2786036658; 11)
(2786096004; 12)
(2797255733; 11)
(2797381757; 12)
(2797383173; 11)
(2797384589; 12)
(2797397333; 11)
(2797404413; 12)
(2797410077; 11)
(2797414325; 12)
(2797417157; 11)
(2797418573; 12)
(2797421405; 11)
(2797422821; 12)
(2797424237; 11)
(2797924085; 12)
(2797929749; 11)
(2797931165; 12)
(2797941077; 11)
(2797945325; 12)
(2797975061; 11)
(2797982141; 12)
(2797986389; 11)
(2799662301; 12)
(2799663718; 11)
(2799665135; 12)
(2799781329; 11)
(2799782746; 12)
(2799802584; 11)
(2799809669; 12)
(2799811086; 11)
(2799869183; 12)
(2799870600; 11)
(2799886187; 12)
(2799889021; 11)
(2799935782; 12)
(2799937199; 11)
(2799942867; 12)
(2799944284; 11)
(2799945701; 12)
(2799949952; 11)
(2800101571; 12)
(2800105822; 11)
(2800457238; 12)
(2800471408; 11)
(2800485578; 12)
(2800486995; 11)
(2800513918; 12)
(2800515335; 11)
(2800536590; 12)
(2800564930; 11)
(2800566347; 12)
(2800919180; 11)
(2807572104; 10)
(2807577780; 11)
(2807582037; 10)
(2807583456; 11)
(2807584875; 10)
(2807586294; 11)
(2807594808; 10)
(2807604741; 11)
(2807607579; 10)
(2807613255; 11)
(2807614674; 10)
(2807648730; 11)
(2807651568; 10)
(2807670015; 11)
(2807671434; 10)
(2807672853; 11)
(2807706909; 10)
(2807712585; 11)
(2807714004; 10)
(2807715423; 11)
(2807716842; 10)
(2807880027; 11)
(2807899893; 10)
(2807933949; 11)
(2807935368; 10)
(2807936787; 11)
(2807943882; 10)
(2807945301; 11)
(2807979357; 10)
(2807980776; 11)
(2825672112; 12)
(2825680650; 11)
(2825687765; 12)
(2825689188; 11)
(2825693457; 12)
(2825694880; 11)
(2825716225; 12)
(2825785952; 11)
(2825788798; 12)
(2825798759; 11)
(2825803028; 12)
(2825810143; 11)
(2825824373; 12)
(2825825796; 11)
(2825827219; 12)
(2840398891; 11)
(2840400318; 12)
(2840401745; 11)
(2840504489; 12)
(2840518759; 11)
(2840888352; 12)
(2840889779; 11)
(2840891206; 12)
(2840892633; 11)
(2841041041; 12)
(2841042468; 11)
(2841052457; 12)
(2841062446; 11)
(2841085278; 12)
(2841150920; 11)
(2841162336; 12)
(2841165190; 11)
(2841172325; 12)
(2841176606; 11)
(2841180887; 12)
(2865550354; 13)
(2865560385; 12)
(2865601942; 13)
(2865748108; 12)
(2865752407; 13)
(2866773170; 12)
(2866780340; 13)
(2866783208; 12)
(2866796114; 13)
(2866798982; 12)
(2866909400; 13)
(2866910834; 12)
(2866956722; 13)
(2867041328; 12)
(2867042762; 13)
(2867101556; 12)
(2881561813; 11)
(2881613545; 12)
(2881614982; 11)
(2881826221; 12)
(2881829095; 11)
(2881834843; 12)
(2881836280; 11)
(2881837717; 12)
(2881846339; 11)
(2881862146; 12)
(2881865020; 11)
(2881867894; 12)
(2881869331; 11)
(2881870768; 12)
(2885157866; 11)
(2885167932; 12)
(2885173684; 11)
(2885180874; 12)
(2885229766; 11)
(2885239832; 12)
(2885244146; 11)
(2885245584; 12)
(2885247022; 11)
(2885251336; 12)
(2885254212; 11)
(2885258526; 12)
(2885268592; 11)
(2885274344; 12)
(2885281534; 11)
(2885293038; 12)
(2885303104; 11)
(2885304542; 12)
(2885305980; 11)
(2885307418; 12)
(2885311732; 11)
(2885314608; 12)
(2885389384; 11)
(2885472788; 12)
(2885475664; 11)
(2885477102; 12)
(2885478540; 11)
(2885479978; 12)
(2886053740; 11)
(2886056616; 12)
(2886060930; 11)
(2886062368; 12)
(2886063806; 11)
(2886540072; 12)
(2886563096; 11)
(2886564535; 12)
(2886565974; 11)
(2886567413; 12)
(2886570291; 11)
(2886571730; 12)
(2886577486; 11)
(2886580364; 12)
(2886787580; 11)
(2886789019; 12)
(2886924285; 11)
(2886925724; 12)
(2887158842; 11)
(2887160281; 12)
(2887161720; 11)
(2887250938; 12)
(2887253816; 11)
(2887255255; 12)
(2887278279; 11)
(2887489812; 12)
(2887499885; 11)
(2887619322; 12)
(2887620761; 11)
(2887629395; 12)
(2887643785; 11)
(2887646663; 12)
(2887879781; 11)
(2888167581; 12)
(2888333066; 11)
(2902724000; 10)
(2902992398; 11)
(2902993841; 10)
(2903022701; 11)
(2903025587; 10)
(2903159786; 11)
(2906522187; 10)
(2906595831; 11)
(2906598719; 10)
(2906603051; 11)
(2906604495; 10)
(2906605939; 11)
(2906610271; 10)
(2906611715; 11)
(2906614603; 10)
(2906616047; 11)
(2906907735; 10)
(2906995819; 11)
(2906997263; 10)
(2906998707; 11)
(2907000151; 10)
(2907001595; 11)
(2907003039; 10)
(2907011703; 11)
(2907040583; 10)
(2907055023; 11)
(2907068019; 10)
(2907075239; 11)
(2907085347; 10)
(2907086791; 11)
(2907105563; 10)
(2907121447; 11)
(2908717067; 10)
(2908718511; 11)
(2908724287; 10)
(2908725731; 11)
(2908745947; 10)
(2908750279; 11)
(2908751723; 10)
(2908753167; 11)
(2908760387; 10)
(2908799375; 11)
(2908906231; 10)
(2909235463; 11)
(2909236907; 10)
(2909247015; 11)
(2909257123; 10)
(2909322103; 11)
(2909324991; 10)
(2909333655; 11)
(2909336543; 10)
(2909342319; 11)
(2909348095; 10)
(2909350983; 11)
(2909356759; 10)
(2909358203; 11)
(2909359647; 10)
(2909362535; 11)
(2909365423; 10)
(2909366867; 11)
(2909369755; 10)
(2909371199; 11)
(2909374087; 10)
(2909378419; 11)
(2909379863; 10)
(2919698389; 11)
(2919699836; 10)
(2919701283; 11)
(2919704177; 10)
(2926571801; 9)
(2926603679; 10)
(2926654394; 9)
(2926658741; 10)
(2926674680; 9)
(2926703660; 10)
(2926710905; 9)
(2926712354; 10)
(2926715252; 9)
(2927348465; 10)
(2927349914; 9)
(2927394833; 10)
(2927407874; 9)
(2927409323; 10)
(2927436854; 9)
(2927442650; 10)
(2927554223; 9)
(2927558570; 10)
(2927560019; 9)
(2927849819; 10)
(2927852717; 9)
(2927854166; 10)
(2927859962; 9)
(2927861411; 10)
(2927865758; 9)
(2927871554; 10)
(2927874452; 9)
(2927875901; 10)
(2927999066; 9)
(2928001964; 10)
(2928004862; 9)
(2928251192; 10)
(2928252641; 9)
(2928254090; 10)
(2928261335; 9)
(2928262784; 10)
(2928264233; 9)
(2928267131; 10)
(2928270029; 9)
(2928271478; 10)
(2928272927; 9)
(2928284519; 10)
(2928307703; 9)
(2929285778; 10)
(2929288676; 9)
(2929320554; 10)
(2929323452; 9)
(2929324901; 10)
(2929329248; 9)
(2929330697; 10)
(2929333595; 9)
(2930397161; 10)
(2930398610; 9)
(2930446446; 10)
(2930449346; 9)
(2930452246; 10)
(2930649446; 9)
(2930653796; 10)
(2930678446; 9)
(2930685696; 10)
(2930701646; 9)
(2930762546; 10)
(2930803146; 9)
(2930807496; 10)
(2930808946; 9)
(2931103296; 10)
(2931104746; 9)
(2931122146; 10)
(2931125046; 9)
(2931126496; 10)
(2931127946; 9)
(2931129396; 10)
(2931130846; 9)
(2931132296; 10)
(2931133746; 9)
(2931139546; 10)
(2931149696; 9)
(2931152596; 10)
(2931155496; 9)
(2931165646; 10)
(2932564896; 9)
(2932567796; 10)
(2932572146; 9)
(2932582296; 10)
(2932586646; 9)
(2932625796; 10)
(2932641746; 9)
(2932643196; 10)
(2932644646; 9)
(2932705546; 10)
(2932731646; 9)
(2932838946; 10)
(2932840396; 9)
(2932843296; 10)
(2932844746; 9)
(2933118796; 10)
(2939728015; 9)
(2939732371; 10)
(2939738179; 9)
(2939741083; 10)
(2939771575; 9)
(2939788999; 10)
(2939989375; 9)
(2939990827; 10)
(2940016963; 9)
(2940025675; 10)
(2940027127; 9)
(2941018843; 10)
(2941030459; 9)
(2941031911; 10)
(2941039171; 9)
(2941046431; 10)
(2941049335; 9)
(2941052239; 10)
(2941055143; 9)
(2941058047; 10)
(2941060951; 9)
(2952136595; 8)
(2952138050; 9)
(2952145325; 8)
(2952148235; 9)
(2952151145; 8)
(2952162785; 9)
(2952165695; 8)
(2952177335; 9)
(2952183155; 8)
(2952187520; 9)
(2959869839; 8)
(2959871296; 9)
(2959872753; 8)
(2959881495; 9)
(2959887323; 8)
(2959900436; 9)
(2959904807; 8)
(2959906264; 9)
(2959910635; 8)
(2959912092; 9)
(2959923748; 8)
(2959925205; 9)
(2959926662; 8)
(2959929576; 9)
(2959935404; 8)
(2959939775; 9)
(2959945603; 8)
(2960000969; 9)
(2960014082; 8)
(2960016996; 9)
(2960062163; 8)
(2960066534; 9)
(2961440485; 8)
(2961441942; 9)
(2964250546; 8)
(2964254920; 9)
(2964257836; 8)
(2964266584; 9)
(2964269500; 8)
(2964278248; 9)
(2964292828; 8)
(2964374476; 9)
(2964536314; 8)
(2964537772; 9)
(2964553810; 8)
(2964578596; 9)
(2964594634; 8)
(2964597550; 9)
(2964612130; 8)
(2964737518; 9)
(2964776884; 8)
(2964778342; 9)
(2964790006; 8)
(2964791464; 9)
(2964792922; 8)
(2964827914; 9)
(2964832288; 8)
(2964833746; 9)
(2964838120; 8)
(2964843952; 9)
(2964864364; 8)
(2964868738; 9)
(2964881860; 8)
(2964884776; 9)
(2964886234; 8)
(2964887692; 9)
(2964889150; 8)
(2964890608; 9)
(2964892066; 8)
(2964894982; 9)
(2964896440; 8)
(2965090354; 9)
(2965091812; 8)
(2965115140; 9)
(2965116598; 8)
(2965118056; 9)
(2965153048; 8)
(2965160338; 9)
(2965188040; 8)
(2965189498; 9)
(2965211368; 8)
(2965212826; 9)
(2965214284; 8)
(2965228864; 9)
(2965237612; 8)
(2965239070; 9)
(2965402366; 8)
(2965520464; 9)
(2965555456; 8)
(2965562746; 9)
(2965570036; 8)
(2965571494; 9)
(2965781446; 8)
(2965782904; 9)
(2965790194; 8)
(2965804774; 9)
(2965806232; 8)
(2965807690; 9)
(2965822270; 8)
(2965823728; 9)
(2965937452; 8)
(2965940368; 9)
(2966151778; 8)
(2967804306; 9)
(2967805765; 8)
(2967810142; 9)
(2968278481; 8)
(2968281399; 9)
(2968282858; 8)
(2968284317; 9)
(2968287235; 8)
(2968317874; 9)
(2968322251; 8)
(2968329546; 9)
(2968331005; 8)
(2968336841; 9)
(2968344136; 8)
(2968347054; 9)
(2968349972; 8)
(2968403955; 9)
(2968405414; 8)
(2968633018; 9)
(2968635936; 8)
(2968638854; 9)
(2968640313; 8)
(2968641772; 9)
(2968643231; 8)
(2968644690; 9)
(2968646149; 8)
(2969581368; 9)
(2969582827; 8)
(2969587204; 9)
(2969588663; 8)
(2969590122; 9)
(2969593040; 8)
(2969594499; 9)
(2969606171; 8)
(2969636810; 9)
(2969638269; 8)
(2969657236; 9)
(2970261262; 8)
(2970278770; 9)
(2970280229; 8)
(2970290442; 9)
(2970307950; 8)
(2970408621; 9)
(2970415916; 8)
(2970417375; 9)
(2970421752; 8)
(2971392271; 9)
(2971528051; 8)
(2971535351; 9)
(2971558711; 8)
(2971560171; 9)
(2971945611; 8)
(2971954371; 9)
(2971955831; 8)
(2971983571; 9)
(2971986491; 8)
(2971999631; 9)
(2972103291; 8)
(2972120811; 9)
(2972132491; 8)
(2972220091; 9)
(2993069025; 10)
(2993071955; 9)
