(29000000001; 11)
(29031624821; 12)
(29031789089; 11)
(29031821030; 12)
(29031862097; 11)
(29031875786; 12)
(29032519169; 11)
(29032601319; 12)
(29032605883; 11)
(29032615011; 12)
(29032651523; 11)
(29038666875; 12)
(29038698823; 11)
(29038703387; 12)
(29038717079; 11)
(29038721643; 12)
(29038749027; 11)
(29038753591; 12)
(29038762719; 11)
(29038826615; 12)
(29038863127; 11)
(29038872255; 12)
(29038917895; 11)
(29065664526; 12)
(29065669092; 11)
(29065673658; 12)
(29069171214; 11)
(29069175780; 12)
(29069180346; 11)
(29069189478; 12)
(29069239704; 11)
(29069582154; 12)
(29069586720; 11)
(29069700870; 12)
(29069710002; 11)
(29069714568; 12)
(29069719134; 11)
(29069888076; 12)
(29069892642; 11)
(29077606127; 12)
(29077610694; 11)
(29077829910; 12)
(29077834477; 11)
(29077839044; 12)
(29077852745; 11)
(29077902982; 12)
(29077907549; 11)
(29077916683; 12)
(29077921250; 11)
(29078213538; 12)
(29078218105; 11)
(29078222672; 12)
(29078227239; 11)
(29078894021; 12)
(29078898588; 11)
(29078957959; 12)
(29078971660; 11)
(29078980794; 12)
(29078985361; 11)
(29079031031; 12)
(29079049299; 11)
(29096356530; 12)
(29096365668; 11)
(29096370237; 12)
(29096374806; 11)
(29096886534; 12)
(29096891103; 11)
(29096895672; 12)
(29106673332; 11)
(29106677901; 12)
(29106705315; 11)
(29106709884; 12)
(29106732729; 11)
(29106737298; 12)
(29107002300; 11)
(29107011438; 12)
(29107025145; 11)
(29107029714; 12)
(29108167395; 11)
(29108176533; 12)
(29108263344; 11)
(29110479652; 12)
(29110493362; 11)
(29166919175; 10)
(29166928323; 11)
(29166932897; 10)
(29167458907; 11)
(29167463481; 10)
(29167468055; 11)
(29167472629; 10)
(29209523505; 11)
(29209532659; 10)
(29209537236; 11)
(29209550967; 10)
(29209615045; 11)
(29209624199; 10)
(29209665392; 11)
(29209674546; 10)
(29209679123; 11)
(29209683700; 10)
(29209743201; 11)
(29209761509; 10)
(29209830164; 11)
(29209834741; 10)
(29209839318; 11)
(29209857626; 10)
(29209866780; 11)
(29209880511; 10)
(29209999513; 11)
(29211876293; 10)
(29211880871; 11)
(29211944963; 10)
(29212100615; 11)
(29212178441; 10)
(29212219643; 11)
(29212247111; 10)
(29212251689; 11)
(29212732379; 10)
(29212746113; 11)
(29212750691; 10)
(29213066573; 11)
(29215662299; 10)
(29215671455; 11)
(29215676033; 10)
(29215712657; 11)
(29215717235; 10)
(29215914089; 11)
(29216037695; 10)
(29216051429; 11)
(29216500073; 10)
(29216504651; 11)
(29216880047; 10)
(29216884625; 11)
(29216912093; 10)
(29216921249; 11)
(29216925827; 10)
(29217452297; 11)
(29217470609; 10)
(29217488921; 11)
(29217516389; 10)
(29217580481; 11)
(29217585059; 10)
(29217589637; 11)
(29217594215; 10)
(29217598793; 11)
(29217708665; 10)
(29217713243; 11)
(29217722399; 10)
(29217749867; 11)
(29217759023; 10)
(29217781913; 11)
(29217804803; 10)
(29217813959; 11)
(29217818537; 10)
(29217836849; 11)
(29217841427; 10)
(29230162241; 11)
(29230175978; 10)
(29230189715; 11)
(29230235505; 10)
(29230258400; 11)
(29231380255; 10)
(29231393992; 11)
(29231407729; 10)
(29231412308; 11)
(29231435203; 10)
(29231439782; 11)
(29231476414; 10)
(29231480993; 11)
(29231558836; 10)
(29231586310; 11)
(29231600047; 10)
(29231609205; 11)
(29231618363; 10)
(29231622942; 11)
(29231787786; 10)
(29231824418; 11)
(29231828997; 10)
(29231838155; 11)
(29231888524; 10)
(29231897682; 11)
(29231902261; 10)
(29232126632; 11)
(29232135790; 10)
(29232140369; 11)
(29232254844; 10)
(29232259423; 11)
(29232387635; 10)
(29232396793; 11)
(29232442583; 10)
(29232451741; 11)
(29232506689; 10)
(29232932536; 11)
(29233106538; 10)
(29233367541; 11)
(29233372120; 10)
(29233381278; 11)
(29233385857; 10)
(29233623965; 11)
(29233633123; 10)
(29233646860; 11)
(29233651439; 10)
(29233678913; 11)
(29233688071; 10)
(29233939916; 11)
(29233990285; 10)
(29234118497; 11)
(29234576397; 10)
(29234631345; 11)
(29234645082; 10)
(29234649661; 11)
(29234681714; 10)
(29234722925; 11)
(29234910664; 10)
(29235689094; 11)
(29235693673; 10)
(29236092046; 11)
(29365628322; 12)
(29365747662; 11)
(29365775202; 12)
(29366270922; 11)
(29366275512; 12)
(29366307642; 11)
(29366312232; 12)
(29366316822; 11)
(29366335182; 12)
(29366339772; 11)
(29366348952; 12)
(29366358132; 11)
(29366367312; 12)
(29366404032; 11)
(29366514192; 12)
(29366518782; 11)
(29366523372; 12)
(29366527962; 11)
(29366537142; 12)
(29366541732; 11)
(29366550912; 12)
(29366555502; 11)
(29366564682; 12)
(29366578452; 11)
(29366605992; 12)
(29366716152; 11)
(29366720742; 12)
(29366927292; 11)
(29366931882; 12)
(29367312852; 11)
(29367859062; 12)
(29367941682; 11)
(29367946272; 12)
(29367982992; 11)
(29367996762; 12)
(29368001352; 11)
(29368005942; 12)
(29368010532; 11)
(29376488262; 12)
(29376690222; 11)
(29376708582; 12)
(29381597923; 11)
(29381607105; 12)
(29381620878; 11)
(29381850428; 12)
(29381868792; 11)
(29381877974; 12)
(29382428894; 11)
(29382438076; 12)
(29382456440; 11)
(29382488577; 12)
(29382493168; 11)
(29382520714; 12)
(29382543669; 11)
(29382594170; 12)
(29382727309; 11)
(29382741082; 12)
(29382745673; 11)
(29382754855; 12)
(29382759446; 11)
(29382768628; 12)
(29382832902; 11)
(29385348770; 12)
(29385706868; 11)
(29385716050; 12)
(29385775733; 11)
(29385821643; 12)
(29385830825; 11)
(29385835416; 12)
(29385840007; 11)
(29385853780; 12)
(29385862962; 11)
(29385867553; 12)
(29385890508; 11)
(29385922645; 12)
(29385936418; 11)
(29385941009; 12)
(29386000692; 11)
(29386019056; 12)
(29386023647; 11)
(29386055784; 12)
(29386087921; 11)
(29386097103; 12)
(29386101694; 11)
(29386106285; 12)
(29386221060; 11)
(29386455201; 12)
(29386464383; 11)
(29386487338; 12)
(29387056622; 11)
(29387153033; 12)
(29387157624; 11)
(29387162215; 12)
(29387212716; 11)
(29387217307; 12)
(29387221898; 11)
(29387231080; 12)
(29387235671; 11)
(29387281581; 12)
(29387295354; 11)
(29387299945; 12)
(29387483585; 11)
(29387515722; 12)
(29387520313; 11)
(29387570814; 12)
(29387575405; 11)
(29387612133; 12)
(29387616724; 11)
(29387878411; 12)
(29389067480; 11)
(29389081253; 12)
(29389104208; 11)
(29389127163; 12)
(29389131754; 11)
(29390394398; 12)
(29390408174; 11)
(29390467870; 12)
(29390472462; 11)
(29390490830; 12)
(29390821454; 11)
(29390826046; 12)
(29390904110; 11)
(29390922478; 12)
(29390972990; 11)
(29392924590; 12)
(29392961326; 11)
(29392965918; 12)
(29393383790; 11)
(29393392974; 12)
(29393406750; 11)
(29394389438; 12)
(29394394030; 11)
(29394490462; 12)
(29394513422; 11)
(29394522606; 12)
(29394531790; 11)
(29394536382; 12)
(29394619038; 11)
(29395542030; 12)
(29395560398; 11)
(29395564990; 12)
(29395652238; 11)
(29395670606; 12)
(29395748670; 11)
(29395822142; 12)
(29395845102; 11)
(29395849694; 12)
(29395858878; 11)
(29395891022; 12)
(29395900206; 11)
(29395913982; 12)
(29395941534; 11)
(29396423694; 12)
(29396437470; 11)
(29396451246; 12)
(29396630334; 11)
(29396644110; 12)
(29396648702; 11)
(29396653294; 12)
(29396662478; 11)
(29396712990; 12)
(29396717582; 11)
(29396731358; 12)
(29396735950; 11)
(29396878302; 12)
(29396882894; 11)
(29397470670; 12)
(29397704862; 11)
(29397732414; 12)
(29397737006; 11)
(29397746190; 12)
(29397750782; 11)
(29397952830; 12)
(29397984974; 11)
(29398090590; 12)
(29398095182; 11)
(29398099774; 12)
(29398118142; 11)
(29398311006; 12)
(29398370702; 11)
(29398375294; 12)
(29398379886; 11)
(29398921742; 12)
(29398926334; 11)
(29398930926; 12)
(29398963070; 11)
(29398972254; 12)
(29401644798; 11)
(29401805518; 12)
(29401814702; 11)
(29401819294; 12)
(29401837662; 11)
(29402526462; 12)
(29402595342; 11)
(29402645854; 12)
(29402691783; 11)
(29402714748; 12)
(29402719341; 11)
(29402723934; 12)
(29402737713; 11)
(29408901519; 12)
(29408915298; 11)
(29408919891; 12)
(29408933670; 11)
(29408938263; 12)
(29411583831; 11)
(29411602203; 12)
(29411648133; 11)
(29411671098; 12)
(29411675691; 11)
(29411707842; 12)
(29411717028; 11)
(29411735400; 12)
(29412658593; 11)
(29412768825; 12)
(29412778011; 11)
(29412787197; 12)
(29412805569; 11)
(29412814755; 12)
(29412837720; 11)
(29413003068; 12)
(29413039812; 11)
(29414256957; 12)
(29414316666; 11)
(29414348817; 12)
(29414353410; 11)
(29414362596; 12)
(29414642769; 11)
(29414670327; 12)
(29414679513; 11)
(29414684106; 12)
(29414996430; 11)
(29415005616; 12)
(29415010209; 11)
(29415102069; 12)
(29415106662; 11)
(29415115848; 12)
(29419741932; 11)
(29419755714; 12)
(29419783278; 11)
(29419792466; 12)
(29420798552; 11)
(29420803146; 12)
(29420812334; 11)
(29420835304; 12)
(29420872056; 11)
(29420876650; 12)
(29420881244; 11)
(29420885838; 12)
(29420890432; 11)
(29420917996; 12)
(29420945560; 11)
(29420954748; 12)
(29420968530; 11)
(29420973124; 12)
(29421055816; 11)
(29421074192; 12)
(29421092568; 11)
(29421110944; 12)
(29421143102; 11)
(29421179854; 12)
(29421189042; 11)
(29421216606; 12)
(29421234982; 11)
(29421239576; 12)
(29421244170; 11)
(29421253358; 12)
(29421262546; 11)
(29421267140; 12)
(29421271734; 11)
(29421276328; 12)
(29421280922; 11)
(29421285516; 12)
(29421331456; 11)
(29421694382; 12)
(29421698976; 11)
(29421708164; 12)
(29421731134; 11)
(29421735728; 12)
(29421740322; 11)
(29421763292; 12)
(29421795450; 11)
(29421800044; 12)
(29421891924; 11)
(29421914894; 12)
(29422185940; 11)
(29422222692; 12)
(29422241068; 11)
(29422245662; 12)
(29422264038; 11)
(29422268632; 12)
(29422282414; 11)
(29422456986; 12)
(29422461580; 11)
(29422507520; 12)
(29422512114; 11)
(29422548866; 12)
(29422553460; 11)
(29425806012; 12)
(29425819794; 11)
(29425824388; 12)
(29425833576; 11)
(29425838170; 12)
(29425842764; 11)
(29426090840; 12)
(29426095434; 11)
(29426155156; 12)
(29426159750; 11)
(29434669233; 12)
(29434673828; 11)
(29434687613; 12)
(29434696803; 11)
(29434710588; 12)
(29434719778; 11)
(29434724373; 12)
(29434811678; 11)
(29434820868; 12)
(29434825463; 11)
(29435597423; 12)
(29435647968; 11)
(29435680133; 12)
(29435684728; 11)
(29435689323; 12)
(29435693918; 11)
(29435965023; 12)
(29435997188; 11)
(29436001783; 12)
(29436691033; 11)
(29436704818; 12)
(29436847263; 11)
(29436851858; 12)
(29438882848; 11)
(29438892038; 12)
(29439048268; 11)
(29439328563; 12)
(29439342348; 11)
(29439351538; 12)
(29439379108; 11)
(29440164853; 12)
(29440169448; 11)
(29440808153; 12)
(29440978168; 11)
(29441005738; 12)
(29441028713; 11)
(29441414768; 12)
(29444282672; 11)
(29444287268; 12)
(29444448128; 11)
(29444452724; 12)
(29444489492; 11)
(29444549240; 12)
(29444866364; 11)
(29444889344; 12)
(29444898536; 11)
(29444903132; 12)
(29444907728; 11)
(29444926112; 12)
(29444930708; 11)
(29444935304; 12)
(29444949092; 11)
(29444958284; 12)
(29444972072; 11)
(29445358136; 12)
(29445362732; 11)
(29445408692; 12)
(29446056728; 11)
(29446061324; 12)
(29446075112; 11)
(29446088900; 12)
(29446102688; 11)
(29446107284; 12)
(29448138716; 11)
(29448180080; 12)
(29540481248; 13)
(29540513469; 12)
(29540642353; 13)
(29540669971; 12)
(29541185507; 13)
(29541190110; 12)
(29541291376; 13)
(29541295979; 12)
(29541332803; 13)
(29541401848; 12)
(29541411054; 13)
(29541415657; 12)
(29541521526; 13)
(29541765485; 12)
(29541788500; 13)
(29541908178; 12)
(29541935796; 13)
(29541945002; 12)
(29541958811; 13)
(29542037062; 12)
(29673166623; 11)
(29673249675; 12)
(29673577269; 11)
(29673581883; 12)
(29673586497; 11)
(29673591111; 12)
(29673600339; 11)
(29673614181; 12)
(29673628023; 11)
(29673641865; 12)
(29673660321; 11)
(29673669549; 12)
(29689076579; 11)
(29689085809; 12)
(29689090424; 11)
(29689099654; 12)
(29689104269; 11)
(29689251949; 12)
(29689256564; 11)
(29691310239; 12)
(29691314854; 11)
(29691854809; 12)
(29691891729; 11)
(29691905574; 12)
(29691914804; 11)
(29711942603; 12)
(29711984156; 11)
(29712030326; 12)
(29712058028; 11)
(29712062645; 12)
(29712067262; 11)
(29712076496; 12)
(29712081113; 11)
(29712085730; 12)
(29712090347; 11)
(29712104198; 12)
(29712118049; 11)
(29712122666; 12)
(29716550369; 11)
(29716554986; 12)
(29716564220; 11)
(29717187515; 12)
(29717372195; 11)
(29717510705; 12)
(29717515322; 11)
(29717524556; 12)
(29717658449; 11)
(29717672300; 12)
(29734965426; 11)
(29734974662; 12)
(29738507872; 11)
(29738517110; 12)
(29738521729; 11)
(29738530967; 12)
(29738554062; 11)
(29738577157; 12)
(29738581776; 11)
(29738586395; 12)
(29738697251; 11)
(29738706489; 12)
(29738724965; 11)
(29738729584; 12)
(29739062152; 11)
(29739089866; 12)
(29739094485; 11)
(29739228436; 12)
(29739233055; 11)
(29739440910; 12)
(29739519433; 11)
(29739533290; 12)
(29739537909; 11)
(29739718050; 12)
(29739925905; 11)
(29740032142; 12)
(29740036761; 11)
(29740045999; 12)
(29740050618; 11)
(29740267711; 12)
(29740272330; 11)
(29740281568; 12)
(29740286187; 11)
(29740300044; 12)
(29740309282; 11)
(29740521756; 12)
(29740526375; 11)
(29740923609; 12)
(29740928228; 11)
(29741140702; 12)
(29741159178; 11)
(29741339319; 12)
(29741348557; 11)
(29741690363; 12)
(29741750410; 11)
(29741773505; 12)
(29741791981; 11)
(29741810457; 12)
(29741865885; 11)
(29741879742; 12)
(29741949027; 11)
(29742009074; 12)
(29742018312; 11)
(29742022931; 12)
(29742027550; 11)
(29742087597; 12)
(29742119930; 11)
(29742175358; 12)
(29744951377; 11)
(29744955996; 12)
(29745062233; 11)
(29745066852; 12)
(29745533371; 11)
(29745796654; 12)
(29745833606; 11)
(29745861320; 12)
(29745879796; 11)
(29745944462; 12)
(29746295506; 11)
(29746374029; 12)
(29746378648; 11)
(29746387886; 12)
(29746392505; 11)
(29746424838; 12)
(29746429457; 11)
(29746447933; 12)
(29746466409; 11)
(29746480266; 12)
(29746568027; 11)
(29746886738; 12)
(29746937547; 11)
(29746942166; 12)
(29746956023; 11)
(29746960642; 12)
(29746983737; 11)
(29746992975; 12)
(29747002213; 11)
(29747006832; 12)
(29747043784; 11)
(29747214687; 12)
(29747223925; 11)
(29747233163; 12)
(29747297829; 11)
(29747302448; 12)
(29747487208; 11)
(29747658111; 12)
(29747690444; 11)
(29747699682; 12)
(29748207772; 11)
(29748212391; 12)
(29748240105; 11)
(29748337104; 12)
(29868952287; 11)
(29868970803; 12)
(29868998577; 11)
(29869030980; 12)
(29869128189; 11)
(29869174479; 12)
(29869419816; 11)
(29869429074; 12)
(29869447590; 11)
(29869484622; 12)
(29869498509; 11)
(29869841055; 12)
(29869864200; 11)
(29869891974; 12)
(29869901232; 11)
(29869924377; 12)
(29869929006; 11)
(29869933635; 12)
(29875932819; 11)
(29875937448; 12)
(29875946706; 11)
(29875951335; 12)
(29875960593; 11)
(29875965222; 12)
(29876136495; 11)
(29876141124; 12)
(29876266107; 11)
(29876270736; 12)
(29876298510; 11)
(29876307768; 12)
(29876317026; 11)
(29876321655; 12)
(29876326284; 11)
(29876330913; 12)
(29876340171; 11)
(29876344800; 12)
(29876391090; 11)
(29876404977; 12)
(29876733636; 11)
(29876761410; 12)
(29876766039; 11)
(29876807700; 12)
(29876821587; 11)
(29876830845; 12)
(29876835474; 11)
(29876955828; 12)
(29876960457; 11)
(29876978973; 12)
(29877839967; 11)
(29877844596; 12)
(29877900144; 11)
(29877927918; 12)
(29877932547; 11)
(29877978837; 12)
(29878057530; 11)
(29878066788; 12)
(29878071417; 11)
(29878080675; 12)
(29878085304; 11)
(29878145481; 12)
(29878163997; 11)
(29878177884; 12)
(29878182513; 11)
(29878372323; 12)
(29878376953; 11)
(29878386213; 12)
(29878390843; 11)
(29878969593; 12)
(29878974223; 11)
(29878978853; 12)
(29878983483; 11)
(29878992743; 12)
(29878997373; 11)
(29879029783; 12)
(29879034413; 11)
(29879039043; 12)
(29879048303; 11)
(29879330733; 12)
(29879335363; 11)
(29879363143; 12)
(29879465003; 11)
(29879469633; 12)
(29879497413; 11)
(29879705763; 12)
(29879710393; 11)
(29879715023; 12)
(29879719653; 11)
(29879728913; 12)
(29880474343; 11)
(29880478973; 12)
(29880571573; 11)
(29880576203; 12)
(29880580833; 11)
(29880617873; 12)
(29880641023; 11)
(29880659543; 12)
(29880673433; 11)
(29880803073; 12)
(29880863263; 11)
(29880867893; 12)
(29880872523; 11)
(29880877153; 12)
(29882678223; 11)
(29882682853; 12)
(29882692113; 11)
(29882706003; 12)
(29882710633; 11)
(29882719893; 12)
(29882724523; 11)
(29882747673; 12)
(29882784713; 11)
(29882793973; 12)
(29882798603; 11)
(29882807863; 12)
(29883081033; 11)
(29883085663; 12)
(29884280203; 11)
(29884284833; 12)
(29884294093; 11)
(29884303353; 12)
(29886572053; 11)
(29886576683; 12)
(29886581313; 11)
(29886613723; 12)
(29886743363; 11)
(29886771143; 12)
(29886775773; 11)
(29889525993; 12)
(29890382543; 11)
(29890387173; 12)
(29890567743; 11)
(29890577003; 12)
(29891831873; 11)
(29891864290; 12)
(29891887445; 11)
(29896282264; 12)
(29896462873; 11)
(29896467504; 12)
(29896736102; 11)
(29896745364; 12)
(29897995734; 11)
(29898264332; 12)
(29898315273; 11)
(29902960166; 12)
(29902969428; 11)
(29903265812; 12)
(29903427897; 11)
(29903437159; 12)
(29903460314; 11)
(29903474207; 12)
(29903478838; 11)
(29903696495; 12)
(29903733543; 11)
(29903853949; 12)
(29913659841; 11)
(29913664473; 12)
(29913752481; 11)
(29915846145; 12)
(29915850777; 11)
(29915915625; 12)
(29915920257; 11)
(29915924889; 12)
(29915929521; 11)
(29916124065; 12)
(29916142593; 11)
(29916161121; 12)
(29916184281; 11)
(29916559473; 12)
(29916578001; 11)
(29917963175; 12)
(29918014138; 11)
(29918361613; 12)
(29924176028; 11)
(29924236257; 12)
