(22000000001; 4)
(22009388098; 5)
(22009475504; 4)
(22009499342; 5)
(22012793289; 4)
(22012852899; 5)
(22012991989; 4)
(22013039677; 5)
(22013063521; 4)
(22013075443; 5)
(22013278117; 4)
(22013282091; 5)
(22013313883; 4)
(22013317857; 5)
(22017383259; 4)
(22017407103; 5)
(22017562089; 4)
(22017589907; 5)
(22017597855; 4)
(22017653491; 5)
(22017657465; 4)
(22017661439; 5)
(22017673361; 4)
(22017744893; 5)
(22017748867; 4)
(22017752841; 5)
(22017768737; 4)
(22017840269; 5)
(22017844243; 4)
(22017848217; 5)
(22019298727; 4)
(22019302701; 5)
(22019310649; 4)
(22019318597; 5)
(22019342441; 4)
(22019350389; 5)
(22136279420; 4)
(22136287390; 5)
(22136295360; 4)
(22136339195; 5)
(22136363105; 4)
(22136367090; 5)
(22136375060; 4)
(22136379045; 5)
(22136398970; 4)
(22136406940; 5)
(22136414910; 4)
(22136418895; 5)
(22136422880; 4)
(22136454760; 5)
(22137383265; 4)
(22138734180; 5)
(22138738165; 4)
(22138797940; 5)
(22138801925; 4)
(22139120725; 5)
(22139124710; 4)
(22139168545; 5)
(22139359825; 4)
(22139375765; 5)
(22139379750; 4)
(22139383735; 5)
(22140168780; 4)
(22140475625; 5)
(22280458518; 4)
(22280486504; 5)
(22280494500; 4)
(22280518488; 5)
(22281513990; 4)
(22281537978; 5)
(22281545974; 4)
(22281573960; 5)
(22281577958; 4)
(22281585954; 5)
(22281629932; 4)
(22281653920; 5)
(22281657918; 4)
(22281833830; 5)
(22281837828; 4)
(22281857818; 5)
(22281861816; 4)
(22281869812; 5)
(22281873810; 4)
(22281897798; 5)
(22283025234; 4)
(22283029232; 5)
(22283045224; 4)
(22283049222; 5)
(22283073210; 4)
(22283081206; 5)
(22289757981; 4)
(22289785974; 5)
(22289793972; 4)
(22289797971; 5)
(22294488798; 4)
(22294660755; 5)
(22294668753; 4)
(22294716741; 5)
(22294796721; 4)
(22294800720; 5)
(22294808718; 4)
(22294812717; 5)
(22294820715; 4)
(22294840710; 5)
(22294844709; 4)
(22294848708; 5)
(22294856706; 4)
(22295396571; 5)
(22295468553; 4)
(22297028163; 5)
(22297036161; 4)
(22297040160; 5)
(22297044159; 4)
(22297060155; 5)
(22297064154; 4)
(22297096146; 5)
(22297128138; 4)
(22297783974; 5)
(22297787973; 4)
(22297791972; 5)
(22297803969; 4)
(22297815966; 5)
(22304931308; 4)
(22304943308; 5)
(22304967308; 4)
(22304987308; 5)
(22304991308; 4)
(22305047308; 5)
(22305087308; 4)
(22305651308; 5)
(22305659308; 4)
(22305903308; 5)
(22305911308; 4)
(22305927308; 5)
(22305963308; 4)
(22305967308; 5)
(22305975308; 4)
(22305979308; 5)
(22305983308; 4)
(22306003308; 5)
(22306007308; 4)
(22306035308; 5)
(22306055308; 4)
(22306063308; 5)
(22306123308; 4)
(22306275308; 5)
(22306283308; 4)
(22306287308; 5)
(22306303308; 4)
(22306307308; 5)
(22306323308; 4)
(22306415308; 5)
(22306431308; 4)
(22306435308; 5)
(22306459308; 4)
(22306483308; 5)
(22306491308; 4)
(22306499308; 5)
(22306503308; 4)
(22307087308; 5)
(22307099308; 4)
(22307103308; 5)
(22307135308; 4)
(22307139308; 5)
(22307631308; 4)
(22307635308; 5)
(22307751308; 4)
(22307791308; 5)
(22307795308; 4)
(22307807308; 5)
(22307879308; 4)
(22492563607; 5)
(22492567624; 4)
(22492599760; 5)
(22500525301; 4)
(22500601624; 5)
(22503225129; 4)
(22503337633; 5)
(22503341651; 4)
(22503397903; 5)
(22503401921; 4)
(22503454155; 5)
(22503458173; 4)
(22503550587; 5)
(22503562641; 4)
(22503578713; 5)
(22503590767; 4)
(22503598803; 5)
(22503610857; 4)
(22503614875; 5)
(22503634965; 4)
(22503659073; 5)
(22503695235; 4)
(22503703271; 5)
(22503719343; 4)
(22503723361; 5)
(22504016675; 4)
(22504020693; 5)
(22504028729; 4)
(22504032747; 5)
(22504044801; 4)
(22504052837; 5)
(22504076945; 4)
(22504084981; 5)
(22504101053; 4)
(22504129179; 5)
(22504149269; 4)
(22504928761; 5)
(22505226093; 4)
(22505230111; 5)
(22505250201; 4)
(22506483727; 5)
(22506487745; 4)
(22506503817; 5)
(22506511853; 4)
(22507331525; 5)
(22507343579; 4)
(22508050747; 5)
(22508135125; 4)
(22508139143; 5)
(22508143161; 4)
(22508171287; 5)
(22508191377; 4)
(22710036557; 5)
(22710040593; 4)
(22710048665; 5)
(22710056737; 4)
(22710270645; 5)
(22710311005; 4)
(22710315041; 5)
(22710351365; 4)
(22710359437; 5)
(22710363473; 4)
(22710383653; 5)
(22710387689; 4)
(22710452265; 5)
(22710492625; 4)
(22710504733; 5)
(22710633885; 4)
(22710641957; 5)
(22710658101; 4)
(22710670209; 5)
(22710674245; 4)
(22710678281; 5)
(22710686353; 4)
(22710694425; 5)
(22710734785; 4)
(22711150493; 5)
(22711154529; 4)
(22711158565; 5)
(22711166637; 4)
(22716151404; 5)
(22716159478; 4)
(22716163515; 5)
(22716284625; 4)
(22716300773; 5)
(22716304810; 4)
(22716308847; 5)
(22716337106; 4)
(22716506660; 5)
(22716518771; 4)
(22716530882; 5)
(22716534919; 4)
(22716542993; 5)
(22717859055; 4)
(22719401189; 5)
(22719405226; 4)
(22719413300; 5)
(22719590928; 4)
(22719594965; 5)
(22719611113; 4)
(22719615150; 5)
(22720943323; 4)
(22720947360; 5)
(22720963508; 4)
(22721048285; 5)
(22721189580; 4)
(22721197654; 5)
(22721217839; 4)
(22721221876; 5)
(22721233987; 4)
(22721238024; 5)
(22721302616; 4)
(22721306653; 5)
(22721314727; 4)
(22721318764; 5)
(22721342986; 4)
(22721403541; 5)
(22721439874; 4)
(22721443911; 5)
(22721447948; 4)
(22721508503; 5)
(22721512540; 4)
(22721613465; 5)
(22721633650; 4)
(22721645761; 5)
(22721649798; 4)
(22721669983; 5)
(22721742649; 4)
(22721746686; 5)
(22721762834; 4)
(22721774945; 5)
(22721819352; 4)
(22721831463; 5)
(22721892018; 4)
(22721896055; 5)
(22721900092; 4)
(22721904129; 5)
(22721928351; 4)
(22721944499; 5)
(22721952573; 4)
(22722323977; 5)
(22722332051; 4)
(22722336088; 5)
(22722340125; 4)
(22722344162; 5)
(22722352236; 4)
(22722424902; 5)
(22722509679; 4)
(22722529864; 5)
(22722533901; 4)
(22722642900; 5)
(22722646937; 4)
(22722659048; 5)
(22722663085; 4)
(22723958962; 5)
(22724031628; 4)
(22724051813; 5)
(22724084109; 4)
(22724746177; 5)
(22724802695; 4)
(22724806732; 5)
(22724810769; 4)
(22724875361; 5)
(22724948027; 4)
(22725016656; 5)
(22725061063; 4)
(22725069137; 5)
(22725073174; 4)
(22725077211; 5)
(22725081248; 4)
(22725121618; 5)
(22725125655; 4)
(22725129692; 5)
(22725133729; 4)
(22756984037; 5)
(22756992117; 4)
(22756996157; 5)
(22757076957; 4)
(22757080997; 5)
(22757085037; 4)
(22757089077; 5)
(22757161797; 4)
(22757202197; 5)
(22757884957; 4)
(22763085213; 5)
(22763113500; 4)
(22763250894; 5)
(22763267058; 4)
(22763271099; 5)
(22763275140; 4)
(22763279181; 5)
(22763553969; 4)
(22763574174; 5)
(22763578215; 4)
(22763606502; 5)
(22763614584; 4)
(22852891006; 3)
(22861628794; 4)
(22861649044; 3)
(22861705744; 4)
(22862086444; 3)
(22862511694; 4)
(22862641294; 3)
(22862645344; 4)
(22862936944; 3)
(22862940994; 4)
(22862949094; 3)
(22862953144; 4)
(22862977444; 3)
(22862997694; 4)
(22863001744; 3)
(22863021994; 4)
(22863309544; 3)
(22863329794; 4)
(22863333844; 3)
(22867152994; 4)
(22867169194; 3)
(22867173244; 4)
(22867189444; 3)
(22867193494; 4)
(22867201594; 3)
(22867246144; 4)
(22867262344; 3)
(22868351794; 4)
(22868359894; 3)
(22868372044; 4)
(22869886744; 3)
(22869890794; 4)
(22869894844; 3)
(22869898894; 4)
(22869902944; 3)
(22869983944; 4)
(22870461844; 3)
(22874253019; 4)
(22874257070; 3)
(22874261121; 4)
(22874265172; 3)
(22874273274; 4)
(22874281376; 3)
(22874289478; 4)
(22874297580; 3)
(22875022709; 4)
(22875083474; 3)
(22875747838; 4)
(22875755940; 3)
(22875978745; 4)
(22876339284; 3)
(22876343335; 4)
(22876371692; 3)
(22876379794; 4)
(22876383845; 3)
(22876525630; 4)
(22876529681; 3)
(22876537783; 4)
(22876541834; 3)
(22876545885; 4)
(22876549936; 3)
(22876553987; 4)
(22876558038; 3)
(22876570191; 4)
(22876578293; 3)
(22882452243; 4)
(22882553518; 3)
(22882569722; 4)
(22882577824; 3)
(22883602727; 4)
(22883627033; 3)
(22884571050; 4)
(22884992458; 3)
(22885004614; 4)
(22885045134; 3)
(22885049186; 4)
(22885053238; 3)
(22885077550; 4)
(22885081602; 3)
(22885166694; 4)
(22885170746; 3)
(22888797286; 4)
(22888801338; 3)
(22888805390; 4)
(22888813494; 3)
(22888821598; 4)
(22888825650; 3)
(22890239798; 4)
(22890243850; 3)
(22890247902; 4)
(22890264110; 3)
(22938318157; 4)
(22938407389; 3)
(22938415501; 4)
(22938589909; 3)
(22938748093; 4)
(22938784597; 3)
(22938788653; 4)
(22938792709; 3)
(22938975229; 4)
(22938979285; 3)
(22938987397; 4)
(22938995509; 3)
(22939003621; 4)
(22939007677; 3)
(22939032013; 4)
(22939036069; 3)
(22939044181; 4)
(22939178029; 3)
(22939368661; 4)
(22939607965; 3)
(22972927363; 4)
(22973187139; 3)
(22973219611; 4)
(22987722095; 3)
(22987778949; 4)
(22987783010; 3)
(22987937328; 4)
(22987941389; 3)
(22988002304; 4)
(22988006365; 3)
(22988010426; 4)
(22988030731; 3)
(22988034792; 4)
(22988046975; 3)
(22988051036; 4)
(22988075402; 3)
(22988091646; 4)
(22988128195; 3)
(22988132256; 4)
(22988335306; 3)
(22988339367; 4)
(22988343428; 3)
(22988351550; 4)
(22989358678; 3)
(22989362739; 4)
(22989419593; 3)
(22989423654; 4)
(22989443959; 3)
(22989610460; 4)
(22989683558; 3)
(22989687619; 4)
(22989699802; 3)
(22989707924; 4)
(22989748534; 3)
(22989817571; 4)
(22989821632; 3)
(22989833815; 4)
(22989845998; 3)
(22989850059; 4)
(22989854120; 3)
(22989862242; 4)
(22989866303; 3)
(22989870364; 4)
(22990036865; 3)
(22990040926; 4)
(22990077475; 3)
(22991381056; 4)
(22991385117; 3)
(22991393239; 4)
(22991397300; 3)
(22991401361; 4)
(22991405422; 3)
(22991437910; 4)
(22991441971; 3)
(22991470398; 4)
(22991478520; 3)
(22991486642; 4)
(22991502886; 3)
(22991506947; 4)
(22991746546; 3)
(22991754668; 4)
(22991762790; 3)
(22991766851; 4)
(22991787156; 3)
(22991860254; 4)
(22991864315; 3)
(22991868376; 4)
(22991900864; 3)
(22993586179; 4)
(22993602423; 3)
(22993708009; 4)
(22993712070; 3)
(22997460457; 4)
(22997468581; 3)
(22998471895; 4)
(22998484081; 3)
(22998512515; 4)
(22998532825; 3)
(22998553135; 4)
(22998557197; 3)
(22998601879; 4)
(22998605941; 3)
(22998882157; 4)
(22998886219; 3)
(22998926839; 4)
(22998939025; 3)
(22998951211; 4)
(22998971521; 3)
(22998975583; 4)
(22998987769; 3)
(22999203055; 4)
(22999219303; 3)
(22999410217; 4)
(22999414279; 3)
(22999458961; 4)
(22999463023; 3)
